procs -----------memory---------- ---swap-- -----io---- -system-- ------cpu-----
 r  b   swpd   free   buff  cache   si   so    bi    bo   in   cs us sy id wa st
 1  0      0 462740     20 12441508    0    0 10654 21610   53    9 16  7 73  4  0
 7  3      0 454132     20 12452844    0    0 175952 345881 104351 69203 57 31  1 11  0
 7 11      0 442864     20 12464544    0    0 198192 135393 69421 75101 61 27  0 12  0
 2 13      0 430920     20 12476196    0    0 186368 155002 68957 76316 59 26  1 14  0
15  5      0 418128     20 12488416    0    0 187040 159957 69582 77103 60 26  1 14  0
 6 11      0 405904     20 12500368    0    0 192576 244948 70854 77922 59 25  1 15  0
12  5      0 394256     20 12511860    0    0 196832 300612 69675 78737 56 25  2 17  0
13  7      0 382908     20 12523076    0    0 180032 281656 65082 74910 59 24  1 15  0
 1 13      0 371668     20 12534216    0    0 187536 276573 70899 75185 59 26  2 14  0
24  4      0 359568     20 12546096    0    0 208992 288955 76746 80622 59 27  1 14  0
 9 10      0 347916     20 12558068    0    0 202240 289106 71107 78824 58 26  1 14  0
21  4      0 335696     20 12570132    0    0 190976 305703 71232 77103 59 27  1 13  0
19  5      0 324200     20 12581448    0    0 183568 288050 69898 74757 61 26  1 12  0
14  5      0 313208     20 12592936    0    0 187600 318969 71511 74775 60 25  2 14  0
16  7      0 301072     20 12605376    0    0 199152 327936 71760 79180 59 27  1 13  0
21  7      0 288340     20 12617348    0    0 203200 353486 76730 80589 59 26  2 14  0
19  6      0 276020     20 12629916    0    0 203360 341935 77089 80871 60 26  1 13  0
14  5      0 264004     20 12641832    0    0 195456 339120 73794 78160 61 26  1 12  0
14  6      0 252928     20 12653188    0    0 198912 323663 69160 77461 60 25  2 14  0
18  6      0 240264     20 12665348    0    0 208096 339239 72237 80514 61 24  1 13  0
11  3      0 227660     20 12677488    0    0 189648 328180 72997 79175 60 25  2 13  0
procs -----------memory---------- ---swap-- -----io---- -system-- ------cpu-----
 r  b   swpd   free   buff  cache   si   so    bi    bo   in   cs us sy id wa st
21  7      0 215916     20 12689896    0    0 199024 335146 74417 78790 59 26  2 13  0
 9  6      0 204580     20 12701508    0    0 173936 308344 69380 73466 61 25  2 12  0
19  5      0 191860     20 12713316    0    0 183408 320309 72582 76928 62 26  1 12  0
12  8      0 180276     20 12725576    0    0 184656 315048 76335 79289 61 26  1 12  0
 6  7      0 168364     20 12737528    0    0 196176 335632 76488 80337 59 25  2 14  0
16  4      0 156312     20 12749496    0    0 186544 319064 70847 78123 60 25  2 13  0
13  5      0 168192     20 12737780    0    0 185572 326864 70394 75357 60 26  1 13  0
 8  5      0 155996     20 12749336    0    0 175168 309764 69792 75011 60 25  2 13  0
15  4      0 166060     20 12739560    0    0 182988 299211 73042 78702 61 24  1 13  0
16  6      0 154584     20 12751052    0    0 184288 317331 67374 78095 55 25  2 17  0
15  4      0 164408     20 12741316    0    0 187376 323031 73260 79147 59 27  1 14  0
17  5      0 153004     20 12752504    0    0 168112 340839 71070 74235 60 26  1 12  0
12 13      0 163880     20 12742296    0    0 173392 335410 69611 75501 59 27  1 13  0
15  5      0 151484     20 12754656    0    0 188640 330292 74196 80781 59 27  1 13  0
17  7      0 160468     20 12745156    0    0 182176 331358 71865 79351 59 26  2 14  0
18  6      0 168864     20 12736048    0    0 188464 350722 75081 81213 58 26  2 14  0
29  0      0 157356     20 12748700    0    0 179984 328578 74804 78367 61 26  1 12  0
 8  9      0 167068     20 12738512    0    0 183344 335981 72080 74547 61 26  2 11  0
14  6      0 155272     20 12750480    0    0 177360 327675 75059 77467 60 27  1 12  0
15  7      0 163832     20 12741432    0    0 186816 344011 76453 80356 59 27  2 12  0
13  7      0 150952     20 12753708    0    0 186240 340498 75004 78845 59 27  2 12  0
procs -----------memory---------- ---swap-- -----io---- -system-- ------cpu-----
 r  b   swpd   free   buff  cache   si   so    bi    bo   in   cs us sy id wa st
21  6      0 160760     20 12743424    0    0 173136 325258 74005 75218 60 27  2 11  0
15  8      0 170028     20 12733916    0    0 173472 328696 73446 75368 61 25  2 12  0
14  3      0 158316     20 12746132    0    0 182992 327875 76531 78112 61 27  2 11  0
14  5      0 167648     20 12737060    0    0 195584 349972 73051 80745 61 26  2 12  0
15  5      0 154468     20 12749672    0    0 174304 332500 72854 79573 60 25  2 13  0
11  4      0 164348     20 12739852    0    0 189216 344532 74213 77594 60 27  2 12  0
23  8      0 152108     20 12752136    0    0 169648 338036 74867 75306 62 26  2 11  0
 9  6      0 161044     20 12743616    0    0 172688 323471 72376 79111 62 26  1 12  0
14  7      0 168932     20 12734668    0    0 190848 341863 73037 79301 60 26  1 13  0
12  7      0 157828     20 12746868    0    0 187824 345512 72935 80507 59 26  2 13  0
15  5      0 167776     20 12737468    0    0 167152 350424 73079 76139 60 26  2 12  0
15  3      0 155756     20 12749176    0    0 184816 330797 73337 75398 61 27  1 11  0
17  6      0 165216     20 12739928    0    0 177536 326598 72090 77745 60 26  1 12  0
11  8      0 152976     20 12751868    0    0 188736 333102 73278 78812 59 26  2 13  0
 4  6      0 162748     20 12742916    0    0 194336 347366 75187 80672 59 26  2 14  0
21  4      0 150524     20 12754536    0    0 163680 323134 74206 76709 59 26  2 13  0
11  7      0 159264     20 12746016    0    0 184256 328690 76209 78583 62 26  1 10  0
20  3      0 166912     20 12737144    0    0 172016 329998 75240 77627 60 26  2 12  0
13  3      0 156544     20 12748772    0    0 181152 330441 74878 77439 60 27  2 12  0
 8  9      0 160144     20 12745056    0    0 182348 326355 75875 78850 61 27  2 11  0
16 10      0 150468     20 12754664    0    0 165360 493982 130072 68290 56 28  3 13  0
procs -----------memory---------- ---swap-- -----io---- -system-- ------cpu-----
 r  b   swpd   free   buff  cache   si   so    bi    bo   in   cs us sy id wa st
 5  7      0 160312     20 12744904    0    0 171696 331892 73894 74719 60 27  2 11  0
17  5      0 169508     20 12735524    0    0 180576 346831 74728 77658 60 26  2 13  0
14  9      0 157212     20 12747704    0    0 182592 338275 76594 78848 59 27  2 12  0
16  9      0 166560     20 12738228    0    0 182096 342322 73954 77465 60 25  2 12  0
 9  3      0 154900     20 12750272    0    0 167392 326144 73331 74518 62 27  1 11  0
17  6      0 722492     20 12182480    0    0 172176 336298 72041 75160 58 27  2 13  0
 7  3      0 710788     20 12195028    0    0 166272 320404 69990 76966 60 26  2 12  0
19  4      0 698092     20 12207120    0    0 174432 343594 72473 77815 60 25  2 13  0
21  3      0 686084     20 12219060    0    0 192352 344524 72089 78580 59 26  1 13  0
20  3      0 674276     20 12231176    0    0 177648 339673 72446 76522 61 26  2 12  0
23  1      0 662120     20 12242936    0    0 170288 344143 72161 75879 59 26  1 13  0
12  6      0 648820     20 12255824    0    0 170480 327643 75128 80114 61 26  2 12  0
 6  3      0 636544     20 12267776    0    0 188448 356882 77241 79945 58 27  2 13  0
15  9      0 623880     20 12280100    0    0 181712 355467 73246 79763 59 27  2 12  0
 8 12      0 611560     20 12292340    0    0 184128 342528 71723 77336 60 26  1 13  0
10  3      0 599688     20 12304276    0    0 179504 328462 71237 75403 60 27  2 12  0
 4  7      0 586856     20 12316008    0    0 192592 350582 73571 79977 60 26  2 13  0
19  8      0 574956     20 12328816    0    0 183008 358377 72018 77836 60 26  2 13  0
15 10      0 562600     20 12340612    0    0 181888 335252 68994 79622 59 25  1 14  0
12  4      0 550916     20 12352468    0    0 173104 319096 66275 73735 63 25  1 11  0
12  2      0 539196     20 12363700    0    0 186880 335730 66680 75419 61 26  1 12  0
procs -----------memory---------- ---swap-- -----io---- -system-- ------cpu-----
 r  b   swpd   free   buff  cache   si   so    bi    bo   in   cs us sy id wa st
11  6      0 527228     20 12376336    0    0 168304 337347 71507 77563 60 26  2 12  0
12  6      0 514664     20 12388748    0    0 180096 342448 75648 80056 59 26  2 13  0
14  6      0 501872     20 12401328    0    0 177312 353504 74979 78598 59 26  2 13  0
13  6      0 490596     20 12412580    0    0 186128 346115 70868 76486 60 26  2 13  0
13  8      0 479356     20 12424352    0    0 184016 330337 72089 75477 62 26  1 11  0
12  5      0 466724     20 12437196    0    0 174384 341681 76503 79655 59 28  2 12  0
13  5      0 453680     20 12449692    0    0 177616 348715 76123 79615 61 25  2 11  0
11  5      0 441452     20 12461748    0    0 182944 328553 70451 77308 60 27  1 12  0
 4  8      0 430500     20 12473292    0    0 163584 344405 71301 72859 62 26  1 11  0
 7  6      0 419280     20 12483988    0    0 168112 477534 99119 71810 58 27  3 12  0
 3 14      0 406828     20 12496080    0    0 178928 348195 75666 79429 61 26  1 12  0
 7 10      0 395564     20 12508072    0    0 184160 346187 75641 78783 59 26  2 12  0
 9  6      0 382836     20 12520640    0    0 176208 333975 75602 78370 60 26  2 12  0
10  9      0 371116     20 12532280    0    0 175616 332041 74641 74336 62 26  2 11  0
21  4      0 359244     20 12543892    0    0 164448 338786 72100 74092 60 27  1 12  0
20  3      0 347684     20 12556028    0    0 167072 339741 69627 76276 60 25  2 13  0
12 10      0 335052     20 12568228    0    0 179856 346456 73992 79314 60 26  1 13  0
 9  5      0 322768     20 12580740    0    0 171856 340467 75820 77990 62 24  2 12  0
12  8      0 311176     20 12592348    0    0 175376 360298 71564 74633 60 25  2 13  0
11  6      0 299736     20 12604140    0    0 172448 341823 73024 74849 61 26  1 12  0
12  6      0 287232     20 12616108    0    0 183296 347076 73700 78347 59 27  1 13  0
procs -----------memory---------- ---swap-- -----io---- -system-- ------cpu-----
 r  b   swpd   free   buff  cache   si   so    bi    bo   in   cs us sy id wa st
 1 11      0 274816     20 12628372    0    0 173968 340637 73641 77281 60 27  1 12  0
12  9      0 262520     20 12640476    0    0 194464 357209 74262 80591 60 26  1 13  0
 9  9      0 251336     20 12652268    0    0 177408 340649 73361 77319 59 28  1 12  0
 7  9      0 239536     20 12663604    0    0 189200 346589 73470 76613 60 25  2 13  0
10 12      0 227572     20 12676488    0    0 181504 341492 75838 79308 61 27  1 11  0
15  5      0 214212     20 12689356    0    0 168176 335355 74896 80380 61 27  1 11  0
12  8      0 201548     20 12702092    0    0 174896 342241 75518 79550 60 27  1 12  0
 9 10      0 189992     20 12714068    0    0 176192 335128 74609 78211 60 28  1 12  0
15  4      0 177576     20 12725572    0    0 175424 349716 70856 75896 62 26  1 11  0
13  5      0 164704     20 12738204    0    0 174432 335260 74584 79019 59 27  1 13  0
23  3      0 152964     20 12750740    0    0 170272 355662 72935 78187 59 26  2 14  0
 7 11      0 162512     20 12741704    0    0 188128 355163 70480 80026 61 26  1 12  0
11  5      0 150628     20 12753220    0    0 176304 338637 69645 76418 61 27  1 12  0
11 11      0 159896     20 12743296    0    0 170320 355839 68972 76704 58 26  2 14  0
18  6      0 168920     20 12733916    0    0 186416 346357 73819 81346 59 27  2 12  0
13  1      0 157588     20 12746432    0    0 179120 337002 73481 81300 61 25  2 12  0
13 11      0 166780     20 12737352    0    0 170136 334983 72393 79225 60 26  2 12  0
17  7      0 155712     20 12748836    0    0 160432 336279 73206 74281 61 27  2 11  0
19  7      0 165792     20 12738192    0    0 162736 339211 68718 73055 62 26  2 11  0
16  7      0 154580     20 12749524    0    0 154256 461804 98031 70484 61 27  2 11  0
 6  8      0 164572     20 12740148    0    0 190096 366205 71330 79272 59 27  2 12  0
procs -----------memory---------- ---swap-- -----io---- -system-- ------cpu-----
 r  b   swpd   free   buff  cache   si   so    bi    bo   in   cs us sy id wa st
14  3      0 151712     20 12752356    0    0 180400 344269 73105 78957 60 26  2 13  0
12  3      0 161208     20 12742848    0    0 170256 343566 73779 76321 61 27  1 10  0
11  5      0 169360     20 12732960    0    0 166096 339128 73960 75373 62 26  1 11  0
13 11      0 158200     20 12745300    0    0 176592 345934 73694 77657 60 27  2 12  0
11  9      0 166904     20 12736276    0    0 179808 359280 74134 78487 60 26  2 12  0
17  5      0 154776     20 12748212    0    0 177024 349226 75205 78855 59 26  2 13  0
23  3      0 164020     20 12738832    0    0 176992 336725 73739 77110 60 26  2 12  0
 7 10      0 152996     20 12750748    0    0 172880 334455 75355 76486 61 26  1 11  0
 9 13      0 161520     20 12741632    0    0 177008 340630 74936 76415 59 26  2 12  0
 8  7      0 169636     20 12732732    0    0 184192 363362 73726 78520 59 26  2 13  0
 8 11      0 157760     20 12745232    0    0 192528 365233 74198 81202 60 26  1 12  0
12 12      0 166196     20 12736520    0    0 172464 329222 72151 78284 61 26  2 12  0
16  9      0 154824     20 12747948    0    0 172496 347176 74086 74997 61 26  2 11  0
18  7      0 163624     20 12739116    0    0 186848 325285 76542 80328 61 26  1 12  0
14  9      0 152312     20 12751532    0    0 178448 365462 74427 78935 59 26  2 13  0
 5 11      0 160048     20 12742740    0    0 186944 325800 75688 79788 60 28  1 11  0
15 12      0 169032     20 12733444    0    0 168016 316970 72305 74126 61 25  2 12  0
12  9      0 158620     20 12744772    0    0 162688 371211 67367 75332 59 26  2 13  0
10 10      0 167300     20 12736020    0    0 178016 348931 68794 78110 61 25  2 13  0
13 12      0 155064     20 12748508    0    0 183648 345346 75803 79702 59 26  2 13  0
10  8      0 163868     20 12739628    0    0 181648 351057 74699 79049 60 26  2 12  0
procs -----------memory---------- ---swap-- -----io---- -system-- ------cpu-----
 r  b   swpd   free   buff  cache   si   so    bi    bo   in   cs us sy id wa st
18  9      0 151956     20 12751492    0    0 171936 332056 71106 75203 61 26  1 12  0
 5  9      0 161216     20 12741976    0    0 172960 361284 77306 77409 61 27  2 11  0
11  7      0 169436     20 12733008    0    0 180336 347471 72039 78772 60 26  2 13  0
10  9      0 158336     20 12745152    0    0 176864 325038 73933 79756 59 27  2 13  0
17  5      0 166584     20 12736496    0    0 163504 336590 69186 78170 61 25  2 12  0
15  5      0 155628     20 12748232    0    0 173136 340091 71186 75911 61 26  2 11  0
18  8      0 164428     20 12738872    0    0 171648 349913 73120 77107 62 26  1 11  0
19  9      0 150872     20 12752000    0    0 170848 341928 71693 78733 60 26  2 12  0
 8 10      0 161544     20 12741832    0    0 156064 474022 110256 71889 59 27  2 11  0
16  9      0 149896     20 12753708    0    0 178096 346047 74499 76419 60 26  1 12  0
 7 12      0 159136     20 12744340    0    0 167712 338284 75589 75249 60 26  2 11  0
12  9      0 167116     20 12734968    0    0 162784 363873 72217 75537 60 26  2 12  0
20  6      0 156156     20 12747164    0    0 182784 350438 77846 78737 60 28  1 11  0
13 10      0 164584     20 12738564    0    0 173344 337049 79730 80414 61 27  2 11  0
18  7      0 151836     20 12751016    0    0 194272 347666 77483 79186 60 27  1 12  0
 8  8      0 161024     20 12741796    0    0 169616 366017 75561 75983 61 27  2 11  0
17  8      0 170016     20 12732464    0    0 180064 331601 72611 74916 61 26  2 12  0
18  5      0 158688     20 12744456    0    0 182448 371460 74246 78714 59 25  2 14  0
15  6      0 167224     20 12735488    0    0 186624 357518 75160 81033 60 26  2 12  0
11 11      0 154840     20 12748024    0    0 175344 327882 75303 78188 59 26  2 12  0
 5 13      0 164900     20 12738520    0    0 185024 340754 73297 76917 60 26  2 12  0
procs -----------memory---------- ---swap-- -----io---- -system-- ------cpu-----
 r  b   swpd   free   buff  cache   si   so    bi    bo   in   cs us sy id wa st
14  6      0 152388     20 12750752    0    0 167040 345726 72638 76030 61 26  2 11  0
 9 15      0 160984     20 12742208    0    0 186144 343840 76399 81329 59 28  1 12  0
 9 15      0 168800     20 12733144    0    0 187584 364229 78895 79687 61 25  1 13  0
12 11      0 157488     20 12745588    0    0 182816 327389 76814 80990 60 26  2 12  0
10  5      0 166492     20 12735888    0    0 178656 351830 74429 76967 60 27  1 12  0
19  9      0 156044     20 12747400    0    0 172144 343595 72568 74772 62 25  2 12  0
15 10      0 164352     20 12738388    0    0 193552 355845 76226 79597 60 26  1 13  0
17  9      0 152656     20 12750476    0    0 175104 348561 74949 79006 61 25  2 13  0
14  4      0 160972     20 12741732    0    0 180768 344492 72106 78148 59 26  2 13  0
17 11      0 169820     20 12732292    0    0 167840 323900 69449 75288 60 25  2 13  0
20  4      0 158904     20 12743992    0    0 180208 348518 74150 77398 61 25  2 13  0
 9  9      0 167404     20 12734928    0    0 176240 335800 73293 79499 59 25  2 14  0
15  8      0 155736     20 12746944    0    0 180576 362107 75651 80754 61 26  1 12  0
17  6      0 161040     20 12742180    0    0 177728 327489 69899 77343 59 26  2 13  0
15  7      0 150728     20 12753344    0    0 172528 330550 71251 74599 60 26  2 12  0
 1 12      0 160572     20 12743828    0    0 158704 356485 71716 74821 61 27  2 11  0
23  4      0 168552     20 12734492    0    0 183456 348065 72771 78061 60 27  2 12  0
 6  8      0 158008     20 12745968    0    0 173552 472444 99784 75061 59 26  2 13  0
12  7      0 166300     20 12736940    0    0 194400 367359 72943 80657 59 26  2 13  0
11 16      0 155548     20 12748560    0    0 181440 343190 71504 75056 61 25  2 12  0
 7  8      0 165996     20 12738372    0    0 184768 363362 73761 75550 61 25  2 12  0
procs -----------memory---------- ---swap-- -----io---- -system-- ------cpu-----
 r  b   swpd   free   buff  cache   si   so    bi    bo   in   cs us sy id wa st
 7 11      0 152712     20 12750700    0    0 180480 338543 72161 77480 62 25  2 12  0
 6 10      0 161612     20 12741828    0    0 182608 341264 76022 79919 60 27  2 12  0
10 11      0 169912     20 12732448    0    0 189856 323427 72344 77661 61 26  1 12  0
 9 15      0 159244     20 12743940    0    0 177600 348969 71591 75974 61 26  1 12  0
14  9      0 167840     20 12734052    0    0 177216 361690 71560 76276 61 26  1 12  0
10  5      0 156376     20 12746536    0    0 188928 354199 75365 79776 60 26  2 12  0
 5 12      0 165672     20 12737860    0    0 182304 329914 74111 79212 60 27  1 12  0
23  4      0 152924     20 12750156    0    0 190048 357090 76129 80626 59 27  1 12  0
16  5      0 162552     20 12740788    0    0 169152 326977 74276 76519 60 27  2 12  0
21  4      0 150012     20 12752956    0    0 174192 380267 72715 77634 62 24  2 12  0
13 12      0 158828     20 12744192    0    0 170416 348467 75911 79968 60 27  2 11  0
12 10      0 167932     20 12734868    0    0 186128 343335 75686 80748 60 26  2 13  0
20  7      0 156044     20 12747088    0    0 186768 361017 78618 80560 59 27  2 12  0
18  3      0 165216     20 12736988    0    0 187120 353000 70803 75613 62 25  1 12  0
13  7      0 153980     20 12749504    0    0 174768 376799 76125 75929 60 27  1 12  0
15 11      0 162248     20 12740676    0    0 181584 334063 75174 79301 60 27  2 12  0
14  9      0 169864     20 12731408    0    0 195584 350602 72674 80486 58 27  1 14  0
 7 14      0 158956     20 12744068    0    0 188320 345811 73560 81347 59 28  1 12  0
 9  6      0 168088     20 12734684    0    0 168976 345792 70524 75772 61 27  2 11  0
18  5      0 155436     20 12746468    0    0 179408 366840 74448 76485 61 27  1 11  0
14 10      0 165064     20 12737992    0    0 194624 346344 75465 80137 61 26  1 12  0
procs -----------memory---------- ---swap-- -----io---- -system-- ------cpu-----
 r  b   swpd   free   buff  cache   si   so    bi    bo   in   cs us sy id wa st
11  5      0 152460     20 12750128    0    0 170816 355591 75347 77588 60 26  2 12  0
 9  6      0 161232     20 12741488    0    0 176800 345736 76123 78643 61 26  2 12  0
19  5      0 149772     20 12753264    0    0 161344 327557 74682 74915 60 27  2 11  0
11  5      0 159468     20 12744092    0    0 168880 351197 71788 76154 60 26  3 11  0
11  9      0 167628     20 12734984    0    0 189616 378735 73804 78774 60 26  2 12  0
16  7      0 155420     20 12747156    0    0 186384 347776 78113 79796 60 27  2 11  0
11  7      0 165408     20 12737252    0    0 179760 499637 87074 77725 57 28  2 13  0
12  5      0 153408     20 12749620    0    0 157680 347823 71754 75216 61 26  2 11  0
18 10      0 161980     20 12740220    0    0 167312 331240 69947 74469 61 27  1 11  0
14  9      0 151064     20 12751596    0    0 174240 345978 71845 74159 59 26  2 13  0
21  5      0 160900     20 12742116    0    0 171744 343115 70340 74052 60 26  2 12  0
18  4      0 169212     20 12732700    0    0 181408 368971 72618 78367 59 26  2 13  0
 9 16      0 159316     20 12744012    0    0 170736 335340 64546 71871 61 26  2 11  0
 6  7      0 168216     20 12734644    0    0 168832 333320 69352 75628 61 26  2 11  0
15  8      0 156384     20 12746944    0    0 189216 359147 71735 79282 60 26  2 12  0
19 10      0 164796     20 12737680    0    0 190608 348197 76604 81886 60 26  2 12  0
 2  4      0 152988     20 12749344    0    0 169904 335173 71688 76961 57 25  2 16  0
19  5      0 163160     20 12739372    0    0 179696 344783 68070 74707 59 25  2 14  0
13  8      0 151980     20 12750880    0    0 175824 343714 71149 75951 60 26  2 12  0
10  9      0 161424     20 12741912    0    0 186384 352408 72626 79815 59 27  1 13  0
12  9      0 169784     20 12732976    0    0 177744 349226 72587 78650 59 26  3 13  0
procs -----------memory---------- ---swap-- -----io---- -system-- ------cpu-----
 r  b   swpd   free   buff  cache   si   so    bi    bo   in   cs us sy id wa st
 4  3      0 156632     20 12745412    0    0 174736 326230 70249 77675 60 27  2 12  0
12  6      0 166580     20 12736160    0    0 157488 331360 67341 73499 61 26  2 11  0
10  9      0 155128     20 12747692    0    0 175072 362850 70783 76051 60 26  2 13  0
17 10      0 163376     20 12739056    0    0 170192 371088 73449 77861 60 27  2 12  0
 5  8      0 151696     20 12751136    0    0 185248 354455 74506 79091 59 27  2 12  0
15  9      0 160896     20 12742196    0    0 183536 356429 73235 79989 60 26  2 13  0
 5 11      0 169264     20 12732240    0    0 165408 351007 73994 75600 60 26  2 12  0
16 10      0 158752     20 12744412    0    0 178608 340888 73426 77726 60 26  1 13  0
17  9      0 167100     20 12734804    0    0 197280 367430 75989 78962 59 27  2 12  0
11  4      0 155472     20 12747288    0    0 182864 347061 75043 77003 60 27  2 11  0
 9  2      0 163396     20 12738548    0    0 167536 337298 73787 75498 60 27  2 11  0
16  5      0 153096     20 12750148    0    0 171056 355803 72204 73839 60 27  2 11  0
 4  6      0 162768     20 12740112    0    0 174560 334466 70612 75993 62 26  1 10  0
 7  7      0 150464     20 12752404    0    0 181120 370154 72715 80146 59 27  2 12  0
 9  5      0 160008     20 12743288    0    0 194288 369629 71919 80504 61 26  2 12  0
10  5      0 167940     20 12734888    0    0 179616 336648 75712 80994 61 26  2 11  0
25  3      0 157136     20 12746160    0    0 160464 472034 110097 71962 59 28  3 10  0
13  3      0 166176     20 12737036    0    0 182096 341623 72043 76162 61 27  1 10  0
10  7      0 153672     20 12749452    0    0 178544 369979 74404 78653 60 27  2 12  0
18  3      0 162648     20 12740440    0    0 177536 358642 75273 77906 61 26  2 11  0
18 11      0 151376     20 12752068    0    0 180992 339040 73244 76127 59 26  2 12  0
procs -----------memory---------- ---swap-- -----io---- -system-- ------cpu-----
 r  b   swpd   free   buff  cache   si   so    bi    bo   in   cs us sy id wa st
10  4      0 160848     20 12741976    0    0 175984 340901 71463 72998 62 27  2 10  0
18  5      0 169736     20 12732332    0    0 188080 373155 73108 77590 62 25  1 12  0
15  5      0 157852     20 12744592    0    0 176192 346850 74580 78991 60 26  2 12  0
11  8      0 168228     20 12735776    0    0 194560 357105 76979 80626 61 26  2 12  0
20  3      0 155300     20 12748024    0    0 182144 354038 76510 80150 60 27  2 11  0
15  8      0 165644     20 12738504    0    0 180656 357103 72626 76235 61 25  2 12  0
 9  6      0 153196     20 12750424    0    0 180544 352587 75763 77625 61 27  2 10  0
12  6      0 163064     20 12741764    0    0 185424 344803 76512 79298 61 26  1 11  0
17  6      0 169884     20 12732760    0    0 176608 326715 76368 79241 61 26  2 12  0
20  4      0 158960     20 12744736    0    0 180896 359704 76453 80014 59 27  2 12  0
12  7      0 167680     20 12735312    0    0 180016 354564 74668 76062 60 27  2 11  0
18  9      0 157232     20 12747124    0    0 184304 350790 72337 75044 60 26  1 12  0
18  7      0 166140     20 12737868    0    0 180384 350547 75049 78572 59 27  2 13  0
21  0      0 153888     20 12750116    0    0 186208 352146 73902 79921 60 26  2 12  0
20  3      0 162328     20 12741412    0    0 192064 349629 76013 80039 60 26  2 12  0
 7 11      0 150076     20 12753256    0    0 174464 351966 74502 76175 61 25  1 12  0
11 10      0 160196     20 12743852    0    0 165696 346402 73043 75731 62 25  2 12  0
 6  4      0 168412     20 12735016    0    0 193280 357511 77244 81713 59 27  2 13  0
16  8      0 157432     20 12747636    0    0 189696 358658 76761 80654 60 27  1 12  0
17  5      0 166280     20 12738780    0    0 186176 353908 80237 79952 60 28  2 11  0
17  3      0 153604     20 12749896    0    0 172832 332106 73696 74212 62 26  2 11  0
procs -----------memory---------- ---swap-- -----io---- -system-- ------cpu-----
 r  b   swpd   free   buff  cache   si   so    bi    bo   in   cs us sy id wa st
15  6      0 163492     20 12740044    0    0 184800 348510 76012 75014 60 27  2 11  0
22  7      0 151880     20 12752584    0    0 180896 360053 75277 79660 59 26  3 12  0
10 10      0 160472     20 12743676    0    0 187840 357105 71774 80668 61 25  1 12  0
15  8      0 168572     20 12735028    0    0 177664 338191 74086 79651 60 27  2 11  0
27  4      0 158372     20 12745956    0    0 170224 446822 100601 73046 58 28  2 12  0
18  2      0 167168     20 12735836    0    0 168560 392238 85568 71286 59 27  2 12  0
11 10      0 156224     20 12748064    0    0 170144 333704 71251 76716 61 25  2 12  0
12  5      0 165640     20 12739232    0    0 178448 370863 75562 78607 62 26  2 11  0
13  3      0 152408     20 12751404    0    0 179888 331873 77076 79065 60 27  2 12  0
20  4      0 162652     20 12741704    0    0 163136 344890 73346 73060 60 26  2 12  0
10  3      0 151344     20 12753096    0    0 172256 356096 68561 74094 60 28  1 11  0
18  5      0 160592     20 12743584    0    0 175984 355234 73631 76238 61 27  2 11  0
11  7      0 168696     20 12734528    0    0 189072 376751 73479 80148 60 26  2 13  0
11  2      0 156404     20 12747424    0    0 176976 336005 75746 79015 61 27  2 10  0
16  6      0 166144     20 12737736    0    0 162432 349214 67320 73549 60 26  2 12  0
24  4      0 153636     20 12750268    0    0 163632 342964 71871 76050 62 25  2 11  0
13 11      0 162804     20 12741376    0    0 170160 365011 72683 78207 59 26  2 13  0
18  7      0 149984     20 12753996    0    0 193200 365735 76887 81257 61 27  1 11  0
16  4      0 159120     20 12745032    0    0 183520 353155 76443 78821 60 26  2 12  0
21  4      0 168032     20 12735400    0    0 175024 353192 74081 76105 62 26  1 11  0
 6  8      0 156692     20 12747596    0    0 161824 338985 72206 76060 63 25  1 11  0
procs -----------memory---------- ---swap-- -----io---- -system-- ------cpu-----
 r  b   swpd   free   buff  cache   si   so    bi    bo   in   cs us sy id wa st
11  4      0 165256     20 12739008    0    0 181088 358683 75367 79601 61 27  1 11  0
15  4      0 152952     20 12751424    0    0 179968 356820 75888 78307 60 26  2 12  0
 3  3      0 160968     20 12742460    0    0 184944 374172 76230 77938 60 26  2 12  0
 8  5      0 169920     20 12732596    0    0 163424 346660 71639 73255 59 28  2 12  0
10 10      0 159652     20 12744076    0    0 176432 359286 74915 77519 61 26  2 11  0
10  5      0 167804     20 12735628    0    0 176320 345306 77759 79681 62 26  1 11  0
 0  1      0 161768     20 12743324    0    0 117712 321134 51052 52386 39 17 35  9  0
 2  0      0 159468     20 12743352    0    0   340 209400 4530 3929  2  2 93  3  0
 2  0      0 159596     20 12743680    0    0     0 190420 3565 2785  2  1 94  3  0
 0  1      0 159596     20 12743680    0    0     0 209892 3965 2805  1  1 95  3  0
 0  1      0 161948     20 12743676    0    0     0 320125 5659 3522  2  2 92  5  0
