procs -----------memory---------- ---swap-- -----io---- -system-- ------cpu-----
 r  b   swpd   free   buff  cache   si   so    bi    bo   in   cs us sy id wa st
 7  0      0 11279788   1068 926156    0    0    49   114  592  474  4  2 94  0  0
 2  0      0 11280052   1068 926756    0    0   420    24 4945 7269  2  2 97  0  0
 0  0      0 11279924   1068 926756    0    0     0     0 5194 7663  2  1 97  0  0
 0  0      0 11279892   1068 926756    0    0     0     0 4923 7431  2  1 97  0  0
 1  0      0 11276600   1068 928652    0    0  1908    41 6277 8864  3  3 94  0  0
 0  0      0 11276536   1068 928652    0    0     0   265 6024 8717  2  2 97  0  0
 0  0      0 11276312   1068 928652    0    0     0    24 5473 7989  2  2 97  0  0
 0  0      0 11276280   1068 928652    0    0     0     0 5237 7698  2  1 97  0  0
 0  0      0 11276152   1068 928652    0    0     0     0 5026 7654  2  1 97  0  0
 1  0      0 11276088   1068 928656    0    0     0    69 5373 7857  2  1 97  0  0
 0  0      0 11276024   1068 928656    0    0     0    32 5641 8206  2  2 97  0  0
 0  0      0 11275928   1068 928656    0    0     0    24 5086 7647  2  1 97  0  0
 0  0      0 11275864   1068 928656    0    0     0     0 4898 7183  2  1 97  0  0
 0  0      0 11276052   1068 928656    0    0     0     0 4969 7378  2  2 97  0  0
 1  0      0 11275924   1068 928656    0    0     0    22 6122 8852  2  1 97  0  0
 0  0      0 11275892   1068 928660    0    0     0    20 5870 8528  2  2 97  0  0
 0  0      0 11275764   1068 928660    0    0     0    24 5098 7575  2  1 97  0  0
 0  0      0 11275408   1068 928664    0    0     0    24 5395 7519  2  2 96  0  0
 0  0      0 11275400   1068 928668    0    0     0    69 5370 8052  2  1 97  0  0
 0  0      0 11275304   1068 928668    0    0     0    24 5274 7843  2  1 97  0  0
 1  0      0 11275272   1068 928668    0    0     0     0 5238 7962  2  1 97  0  0
procs -----------memory---------- ---swap-- -----io---- -system-- ------cpu-----
 r  b   swpd   free   buff  cache   si   so    bi    bo   in   cs us sy id wa st
 2  0      0 11275112   1068 928668    0    0     0    48 4935 7588  2  1 97  0  0
 1  0      0 11275016   1068 928668    0    0     0     0 5571 8187  2  1 97  0  0
 1  0      0 11274952   1068 928668    0    0     0     0 5108 7688  2  1 97  0  0
 0  0      0 11274984   1068 928668    0    0     0     0 4943 7481  2  1 97  0  0
 1  0      0 11274888   1068 928668    0    0     0    24 6039 8631  2  2 97  0  0
 0  0      0 11274920   1068 928668    0    0     0    24 5470 7849  2  1 97  0  0
 0  0      0 11274792   1068 928668    0    0     0     0 5114 7535  2  1 97  0  0
 0  0      0 11274760   1068 928668    0    0     0     0 4877 7109  2  1 97  0  0
 0  0      0 11274728   1068 928668    0    0     0     0 5149 7969  2  1 97  0  0
 0  0      0 11274728   1068 928668    0    0     0    28 5022 7300  2  1 97  0  0
 3  0      0 11274664   1068 928668    0    0     0    24 4886 7095  2  1 97  0  0
 0  0      0 11274568   1068 928668    0    0     0     0 5188 7766  2  1 97  0  0
 2  0      0 11274632   1068 928668    0    0     0     8 4939 7358  2  1 97  0  0
 0  0      0 11274504   1068 928668    0    0     0     9 5396 7739  2  1 97  0  0
 0  0      0 11274568   1068 928668    0    0     0     0 5621 8125  2  1 97  0  0
 1  0      0 11274504   1068 928668    0    0     0    28 5171 7756  2  2 97  0  0
 2  0      0 11274568   1068 928668    0    0     0    24 5324 8059  2  1 97  0  0
 0  0      0 11274408   1068 928668    0    0     0     0 5170 7664  2  1 97  0  0
 1  0      0 11274504   1068 928668    0    0     0    79 5395 8032  2  2 97  0  0
 0  0      0 11278060   1068 928672    0    0     0    52 4983 7142  4  1 94  0  0
 0  0      0 11278060   1068 928672    0    0     0    28 4872 7138  2  1 97  0  0
procs -----------memory---------- ---swap-- -----io---- -system-- ------cpu-----
 r  b   swpd   free   buff  cache   si   so    bi    bo   in   cs us sy id wa st
 4  0      0 11280736   1068 928672    0    0     0    36 5711 7893  2  1 97  0  0
 0  0      0 11280988   1068 928680    0    0     0    12 4695 6974  1  1 97  0  0
 0  0      0 11280988   1068 928680    0    0     0     0 4979 7544  2  1 97  0  0
 2  0      0 11280988   1068 928680    0    0     0     4 5795 8390  2  1 97  0  0
 0  0      0 11280796   1068 928680    0    0     0    44 5180 7508  2  1 97  0  0
 0  0      0 11280924   1068 928680    0    0     0     0 4849 7109  2  1 97  0  0
 3  0      0 11280860   1068 928680    0    0     0     0 4954 7449  2  1 97  0  0
 0  0      0 11280956   1068 928680    0    0     0    60 5098 7496  2  1 97  0  0
 0  0      0 11280860   1068 928680    0    0     0     0 5383 7936  2  1 97  0  0
 0  0      0 11280892   1068 928680    0    0     0    24 4990 7529  2  1 97  0  0
 0  0      0 11280788   1068 928680    0    0     0     0 4902 7307  1  2 97  0  0
 0  0      0 11280984   1068 928680    0    0     0     0 5024 7366  2  1 97  0  0
 3  0      0 11280912   1068 928680    0    0     0     0 5717 8522  2  1 97  0  0
 0  0      0 11280944   1068 928680    0    0     0     0 5622 8037  2  1 97  0  0
 0  0      0 11280912   1068 928680    0    0     0    48 5517 7994  2  1 97  0  0
 0  0      0 11280880   1068 928680    0    0     0     0 5269 7893  2  1 97  0  0
 0  0      0 11280848   1068 928680    0    0     0    24 5196 7627  2  1 97  0  0
 2  0      0 11280784   1068 928680    0    0     0     0 4945 7401  2  1 97  0  0
 2  0      0 11280356   1068 928684    0    0     0    24 3879 5891  2  1 97  0  0
 0  0      0 11279948   1068 928692    0    0     0    46 3559 5772  1  1 97  0  0
 0  0      0 11279820   1068 928696    0    0     0    39 3712 6262  1  1 98  0  0
procs -----------memory---------- ---swap-- -----io---- -system-- ------cpu-----
 r  b   swpd   free   buff  cache   si   so    bi    bo   in   cs us sy id wa st
 1  0      0 11279884   1068 928696    0    0     0     0 2756 4773  1  1 98  0  0
 4  0      0 11281988   1068 928696    0    0     0     0 2879 4936  1  1 98  0  0
