procs -----------memory---------- ---swap-- -----io---- -system-- ------cpu-----
 r  b   swpd   free   buff  cache   si   so    bi    bo   in   cs us sy id wa st
 5  3      0 155484     20 12487364    0    0 13320 26195  182   72 20  8 68  4  0
13  7      0 157172     20 12487472    0    0 201016 184376 75100 61310 64 29  2  5  0
43  2      0 155124     20 12489212    0    0 222672 118348 72185 66577 69 28  0  3  0
19  9      0 153288     20 12491700    0    0 243152 114780 74758 70350 67 28  1  5  0
70  0      0 150048     20 12494776    0    0 221872 203019 71574 71534 68 28  1  3  0
78  5      0 154888     20 12488044    0    0 222080 266919 75911 74923 69 29  0  2  0
64 15      0 154612     20 12489776    0    0 202256 274806 72508 68531 68 29  1  3  0
13 15      0 152784     20 12491644    0    0 205072 262324 72862 67203 66 28  1  4  0
54 11      0 150456     20 12494040    0    0 207920 274973 75915 72838 66 30  1  4  0
93  8      0 156316     20 12487896    0    0 227792 272986 76667 73483 67 31  1  2  0
33 10      0 154332     20 12490172    0    0 220992 227795 75251 72716 67 30  1  2  0
81  4      0 151932     20 12492240    0    0 200240 322751 75628 72513 67 30  1  3  0
69  8      0 150100     20 12493216    0    0 205376 241993 75506 70102 69 31  0  0  0
88  6      0 156792     20 12487736    0    0 213632 247847 82385 76205 69 30  0  1  0
84 10      0 153504     20 12489580    0    0 226800 272548 83825 77212 69 29  0  2  0
86 21      0 150452     20 12492528    0    0 207024 290044 79968 75064 69 30  0  2  0
40 14      0 156624     20 12485188    0    0 196432 313996 74321 71064 68 29  0  3  0
44  8      0 155424     20 12487268    0    0 204288 305349 78602 73626 69 29  0  2  0
107  6      0 152692     20 12489816    0    0 221248 279256 81725 75736 68 30  0  2  0
83 18      0 150068     20 12492204    0    0 187824 246788 77861 72524 70 30  0  1  0
104  3      0 155620     20 12485844    0    0 219984 275302 79302 76445 68 31  0  1  0
procs -----------memory---------- ---swap-- -----io---- -system-- ------cpu-----
 r  b   swpd   free   buff  cache   si   so    bi    bo   in   cs us sy id wa st
79  5      0 154960     20 12487364    0    0 185760 243732 77647 69162 70 30  0  0  0
105  5      0 153532     20 12488972    0    0 194880 249414 78097 71193 68 32  0  0  0
105  3      0 151652     20 12491480    0    0 197040 316391 81894 74744 67 30  0  3  0
98 11      0 156188     20 12485608    0    0 212400 258487 82688 77421 68 31  0  1  0
105  7      0 154836     20 12488112    0    0 191536 280563 79310 73891 69 30  0  2  0
 6  4      0 154668     20 12487612    0    0 146016 389345 66308 63350 58 24 12  7  0
34  9      0 153480     20 12489696    0    0 172608 283523 79538 69204 67 30  0  3  0
97 14      0 150448     20 12491828    0    0 195728 230836 81314 73174 69 31  0  0  0
56 13      0 157240     20 12485808    0    0 189488 342449 78853 73743 67 30  0  2  0
51  8      0 155080     20 12487468    0    0 189808 245537 77164 73637 69 30  0  1  0
78 13      0 152432     20 12489444    0    0 181552 341138 76814 70645 68 29  0  3  0
81  8      0 152344     20 12490568    0    0 163760 333842 115077 66511 66 33  0  1  0
73  8      0 149760     20 12492304    0    0 186800 338186 97153 70949 67 30  1  3  0
39 12      0 154736     20 12486384    0    0 190832 291503 80258 74678 68 31  0  2  0
101 10      0 152944     20 12489444    0    0 193776 255437 79141 75794 68 31  0  1  0
37  5      0 151372     20 12491636    0    0 179872 252627 74594 70769 70 30  0  1  0
72 14      0 155704     20 12485156    0    0 183440 330702 78381 74196 66 30  1  4  0
83 16      0 153504     20 12488100    0    0 197104 341687 83984 78349 67 31  0  2  0
72  7      0 151052     20 12491516    0    0 175440 264242 78105 74301 69 29  0  1  0
45  8      0 156880     20 12484916    0    0 181104 309051 76600 73509 68 29  0  3  0
92 10      0 153848     20 12486988    0    0 169968 227006 74317 67559 68 30  1  2  0
procs -----------memory---------- ---swap-- -----io---- -system-- ------cpu-----
 r  b   swpd   free   buff  cache   si   so    bi    bo   in   cs us sy id wa st
52 10      0 152248     20 12489072    0    0 170976 302097 76798 69623 68 30  0  2  0
55  6      0 150552     20 12491588    0    0 178240 314525 78742 72419 68 30  1  2  0
45 10      0 155860     20 12484676    0    0 190384 261627 80704 75157 68 30  0  2  0
69  8      0 152524     20 12487452    0    0 174816 436330 76868 72530 67 28  1  5  0
11  9      0 152440     20 12489504    0    0 168720 403723 72480 70004 65 29  0  5  0
39 13      0 150548     20 12490964    0    0 171968 269957 76876 68905 68 30  0  2  0
21  7      0 157264     20 12484376    0    0 173424 278447 77466 71175 69 29  0  2  0
86 17      0 153792     20 12487808    0    0 180544 253368 77063 73822 69 29  0  3  0
97 11      0 151384     20 12490044    0    0 184624 272101 79720 74060 69 30  0  0  0
57 19      0 151084     20 12492428    0    0 183808 268482 77453 70244 70 30  0  1  0
97 11      0 156916     20 12485384    0    0 189392 234532 80811 72419 69 30  0  1  0
98  4      0 153532     20 12487944    0    0 181808 250222 81993 74241 70 29  0  1  0
66 14      0 151104     20 12490928    0    0 184928 257544 82057 75083 71 28  0  1  0
94  6      0 156400     20 12485232    0    0 192912 242914 79065 73308 69 29  1  2  0
78  7      0 154452     20 12486888    0    0 183520 334586 75055 72638 69 29  0  2  0
82 11      0 154052     20 12488432    0    0 164448 328210 71942 68007 68 29  0  2  0
83  5      0 151492     20 12491064    0    0 170816 241927 75204 68983 69 29  0  1  0
113  3      0 149900     20 12493444    0    0 167008 312299 75371 70282 68 29  0  3  0
109  4      0 155396     20 12486492    0    0 183728 234808 80516 73149 71 29  0  0  0
73 11      0 151584     20 12487984    0    0 168916 273462 75352 68526 68 30  0  2  0
101  6      0 156572     20 12480452    0    0 171972 243648 76572 71472 70 30  0  0  0
procs -----------memory---------- ---swap-- -----io---- -system-- ------cpu-----
 r  b   swpd   free   buff  cache   si   so    bi    bo   in   cs us sy id wa st
15  9      0 152500     20 12489120    0    0 123248 504255 71707 60346 51 24 16  9  0
122  4      0 151648     20 12490284    0    0 176480 417376 145047 67877 64 34  0  2  0
95 14      0 149852     20 12492292    0    0 178384 277047 76615 71243 67 31  0  2  0
74  7      0 155488     20 12485232    0    0 174240 236954 76023 69848 69 30  0  1  0
11  6      0 154140     20 12487928    0    0 174320 267863 77138 71095 68 29  1  3  0
71  9      0 151208     20 12490528    0    0 190128 265603 80336 75023 69 29  0  2  0
87  9      0 156820     20 12483852    0    0 186528 331282 74860 72434 66 31  0  3  0
12  7      0 155404     20 12486876    0    0 175248 363817 78749 73420 68 29  0  4  0
96  8      0 152752     20 12488108    0    0 180208 212706 74660 68695 69 30  0  1  0
81 12      0 151744     20 12489980    0    0 175104 303612 73851 70839 68 29  0  3  0
29  6      0 149924     20 12492248    0    0 186816 226857 78013 72219 70 30  0  1  0
72  7      0 155148     20 12485924    0    0 188768 309998 79940 75143 67 30  0  3  0
58 11      0 152908     20 12488804    0    0 198304 291684 80308 75843 68 30  1  2  0
87 13      0 150200     20 12490964    0    0 173616 286625 74901 69361 69 29  0  2  0
 3 15      0 156852     20 12484428    0    0 176304 257827 76343 70670 69 29  0  1  0
19  7      0 154424     20 12487072    0    0 194032 299330 80849 74739 68 29  0  2  0
87  6      0 151456     20 12489532    0    0 174832 347254 76349 73149 67 31  0  3  0
57  6      0 149576     20 12492268    0    0 177568 298749 77107 72759 68 29  1  3  0
17 16      0 155648     20 12485024    0    0 168208 278505 75475 68791 69 30  0  2  0
17  3      0 154140     20 12487412    0    0 169552 264236 78377 70524 68 31  0  2  0
32  7      0 152092     20 12489280    0    0 191968 387160 78674 75256 66 30  1  4  0
procs -----------memory---------- ---swap-- -----io---- -system-- ------cpu-----
 r  b   swpd   free   buff  cache   si   so    bi    bo   in   cs us sy id wa st
114  1      0 149512     20 12492416    0    0 180496 332684 79219 74897 66 30  1  4  0
34  9      0 155688     20 12485776    0    0 179696 310226 79013 73090 67 30  0  3  0
78 15      0 153256     20 12487680    0    0 172240 214634 74458 67887 70 30  0  0  0
31  8      0 151272     20 12489848    0    0 177456 268213 77969 70850 68 30  0  1  0
95  8      0 156280     20 12483868    0    0 184816 307076 80937 75269 67 30  0  3  0
68 10      0 153656     20 12485928    0    0 175008 223213 77701 72076 69 30  0  1  0
80  9      0 152744     20 12487700    0    0 188528 264841 77984 72282 69 30  0  2  0
79 10      0 151048     20 12489468    0    0 167392 266226 75456 67004 69 29  1  2  0
71 10      0 149384     20 12491752    0    0 176112 310000 78518 73350 67 31  0  2  0
87 13      0 154200     20 12485916    0    0 203280 260334 78825 77437 69 30  0  1  0
74 13      0 151872     20 12488724    0    0 180240 280017 81232 75717 69 30  0  1  0
16 10      0 150608     20 12490060    0    0 165344 485247 145825 67039 64 31  1  4  0
61 13      0 156060     20 12483364    0    0 171184 451917 76817 71603 63 30  0  6  0
84 17      0 153436     20 12485576    0    0 185952 276249 77141 74682 68 30  0  2  0
99  5      0 151460     20 12488616    0    0 194096 314748 78519 78214 68 30  0  2  0
62 15      0 156180     20 12483048    0    0 206576 273447 79906 77880 69 30  0  1  0
87  8      0 154196     20 12485728    0    0 193040 258891 78484 76128 70 30  0  0  0
67 13      0 152188     20 12488568    0    0 173328 326230 74675 71335 69 29  0  3  0
97  6      0 150080     20 12490624    0    0 181360 258874 76675 72507 68 30  1  2  0
45  3      0 155428     20 12485272    0    0 201424 266453 82145 77958 69 30  1  1  0
23 11      0 153356     20 12487948    0    0 193264 296194 82972 78064 68 30  0  2  0
procs -----------memory---------- ---swap-- -----io---- -system-- ------cpu-----
 r  b   swpd   free   buff  cache   si   so    bi    bo   in   cs us sy id wa st
31  5      0 156908     20 12482264    0    0 191216 381116 83627 79740 66 31  0  4  0
91 16      0 155868     20 12483948    0    0 170816 300842 75393 69874 69 29  0  2  0
79 10      0 152904     20 12486140    0    0 185104 237556 77794 72451 70 29  0  1  0
20  5      0 151176     20 12489488    0    0 200992 332694 81065 76744 68 30  0  2  0
63  8      0 156212     20 12482740    0    0 186336 295156 77204 74612 70 29  0  2  0
80  3      0 155244     20 12485604    0    0 182736 290015 76142 73485 69 29  0  2  0
94  8      0 154112     20 12486912    0    0 174272 221689 76308 67818 69 30  0  1  0
75  5      0 151616     20 12489148    0    0 169328 254807 79109 73150 69 30  0  2  0
90 15      0 156816     20 12483148    0    0 194176 264917 80150 76576 70 30  0  0  0
47 15      0 154072     20 12486200    0    0 177632 265556 78413 75875 68 31  0  1  0
95  3      0 151452     20 12488892    0    0 196080 302316 81289 77486 69 30  0  1  0
71  5      0 157692     20 12481872    0    0 168176 340835 75846 70310 67 29  1  4  0
60 15      0 155744     20 12483700    0    0 166784 331773 76071 69400 68 29  0  3  0
62  4      0 154332     20 12486232    0    0 171568 289793 80129 71454 68 30  0  2  0
90  7      0 151872     20 12489132    0    0 200720 281730 81439 78636 69 30  0  1  0
82 16      0 156284     20 12483620    0    0 179680 388553 76409 75937 68 28  0  3  0
100  7      0 166476     20 12473804    0    0 168080 247985 74681 71384 68 30  0  2  0
86  8      0 156784     20 12485024    0    0 174400 270530 75800 71986 67 29  0  3  0
99  6      0 161596     20 12476028    0    0 176176 229914 78985 73336 70 29  0  0  0
82 19      0 168820     20 12467892    0    0 186660 300410 82168 77072 69 31  0  0  0
87  8      0 161112     20 12479820    0    0 195484 307483 79700 77224 67 31  0  1  0
procs -----------memory---------- ---swap-- -----io---- -system-- ------cpu-----
 r  b   swpd   free   buff  cache   si   so    bi    bo   in   cs us sy id wa st
67 16      0 168920     20 12469492    0    0 194380 275652 92532 73684 68 31  0  1  0
91  8      0 158996     20 12480716    0    0 179028 441383 137181 72560 65 32  0  3  0
35 10      0 167768     20 12471732    0    0 202116 304860 93572 77646 68 31  0  2  0
90  9      0 157132     20 12483360    0    0 187984 250395 79345 79414 69 30  0  1  0
76  9      0 162428     20 12477144    0    0 185948 322606 77525 76208 67 30  0  3  0
87 13      0 152408     20 12487684    0    0 176064 253139 76170 69581 68 31  0  1  0
71  9      0 161588     20 12477464    0    0 202960 309185 82920 76634 67 31  0  2  0
53  7      0 168452     20 12468996    0    0 177696 330096 80868 75764 67 30  1  2  0
88  9      0 157920     20 12480464    0    0 199328 319417 81392 79362 67 31  0  2  0
21 13      0 165460     20 12471840    0    0 171536 246878 77248 72363 69 31  0  1  0
91 10      0 155476     20 12482560    0    0 179872 274076 78235 71670 69 30  0  1  0
61 17      0 163760     20 12473252    0    0 161888 246703 77995 70945 69 31  0  0  0
 5  5      0 154448     20 12484412    0    0 184896 335565 79639 78761 63 29  0  8  0
29  7      0 162788     20 12474628    0    0 179856 378530 75265 73902 64 29  2  5  0
69 14      0 151448     20 12486308    0    0 189760 274033 77579 76513 70 29  0  1  0
45  9      0 160236     20 12476772    0    0 165696 307464 71743 70610 67 31  0  3  0
25 12      0 150060     20 12487744    0    0 171952 417815 73745 70530 66 30  1  4  0
11  8      0 157936     20 12479240    0    0 193568 295692 79268 75902 67 31  0  3  0
24  9      0 166280     20 12470212    0    0 197360 344830 78888 76183 68 30  0  2  0
98 13      0 154504     20 12481816    0    0 185328 248254 76560 74814 69 29  0  2  0
64 18      0 164232     20 12471624    0    0 173824 256680 73417 70942 69 30  0  1  0
procs -----------memory---------- ---swap-- -----io---- -system-- ------cpu-----
 r  b   swpd   free   buff  cache   si   so    bi    bo   in   cs us sy id wa st
86 16      0 154584     20 12482728    0    0 181056 218970 78580 70832 70 29  0  1  0
58  1      0 163464     20 12473956    0    0 182896 257568 77281 72469 68 31  0  1  0
82 11      0 150912     20 12485668    0    0 193328 294321 82942 77851 67 31  0  2  0
54 10      0 160788     20 12476288    0    0 189024 312344 77461 76732 68 30  0  2  0
103  6      0 167728     20 12466716    0    0 182576 283711 76603 74354 68 30  0  2  0
49 12      0 159028     20 12478384    0    0 186944 321770 77029 74144 68 30  0  3  0
84  8      0 167496     20 12469712    0    0 191536 402922 77973 77165 67 28  0  4  0
64 13      0 156436     20 12480452    0    0 203520 247813 78905 75242 70 30  0  1  0
92  7      0 164496     20 12471472    0    0 180048 266709 78793 75247 69 29  0  1  0
48  4      0 153032     20 12483152    0    0 182256 323774 77516 72746 69 29  0  2  0
85  4      0 162260     20 12474092    0    0 187744 298608 77582 72588 68 29  0  2  0
82 10      0 168324     20 12465600    0    0 197856 314442 84346 79128 68 30  0  2  0
41 17      0 159368     20 12477284    0    0 182480 457625 122206 74854 65 31  1  4  0
26  9      0 167304     20 12468484    0    0 192576 364741 80332 77686 66 30  0  3  0
87  6      0 156776     20 12479604    0    0 180976 283182 77199 73855 69 29  0  2  0
48  8      0 166144     20 12470608    0    0 175136 389308 78325 75555 67 30  0  4  0
49 13      0 153920     20 12482800    0    0 199984 286607 82790 78732 68 29  0  2  0
38  4      0 162996     20 12474856    0    0 206656 259349 84984 78538 68 31  0  1  0
82 15      0 168472     20 12466460    0    0 201376 266234 85566 80116 69 31  0  1  0
54 11      0 158168     20 12478212    0    0 194768 252261 79035 74678 68 30  0  1  0
96  9      0 166636     20 12469044    0    0 189200 252431 80716 75044 69 31  0  0  0
procs -----------memory---------- ---swap-- -----io---- -system-- ------cpu-----
 r  b   swpd   free   buff  cache   si   so    bi    bo   in   cs us sy id wa st
48 11      0 155456     20 12481284    0    0 200016 308554 83175 78565 67 32  0  2  0
82  8      0 164048     20 12472604    0    0 190464 266910 82574 77810 69 31  0  1  0
47 13      0 151684     20 12485424    0    0 196768 293024 80140 77993 67 31  1  2  0
82  7      0 160812     20 12475648    0    0 192896 421857 80793 76049 67 29  0  4  0
108  7      0 150152     20 12487952    0    0 173616 429276 79984 76391 66 28  1  5  0
23  8      0 157252     20 12479436    0    0 191744 341082 83520 80757 68 29  0  3  0
59 11      0 165760     20 12471444    0    0 203328 265722 80485 80551 69 29  0  2  0
71 10      0 153484     20 12483980    0    0 207936 296614 82776 81210 69 30  0  1  0
83  1      0 161732     20 12474828    0    0 180176 256958 78191 73936 71 29  0  0  0
90 10      0 151364     20 12485552    0    0 168112 245575 75722 70113 70 29  0  1  0
61 14      0 159932     20 12477016    0    0 184832 273950 80694 75921 70 30  0  1  0
50 16      0 168128     20 12468596    0    0 198176 368040 80338 79155 67 30  0  3  0
75 14      0 156336     20 12480612    0    0 194944 261620 81078 78794 71 29  0  0  0
53  9      0 165352     20 12471460    0    0 181392 359465 76452 73048 67 29  0  3  0
95 12      0 154172     20 12483032    0    0 189680 301438 81715 76561 70 27  0  2  0
70 12      0 162176     20 12475116    0    0 201424 343867 82161 80334 70 28  0  2  0
41 13      0 149788     20 12487528    0    0 191168 437988 80839 80508 67 29  0  4  0
99  9      0 154840     20 12479696    0    0 196304 253468 83635 79583 69 30  0  2  0
97  7      0 161900     20 12471044    0    0 174864 250087 79877 71800 70 30  0  0  0
83 17      0 150556     20 12482552    0    0 187072 257914 81558 74312 70 30  0  0  0
29  4      0 162248     20 12474076    0    0 205400 300102 86981 80511 70 30  0  1  0
procs -----------memory---------- ---swap-- -----io---- -system-- ------cpu-----
 r  b   swpd   free   buff  cache   si   so    bi    bo   in   cs us sy id wa st
104 11      0 168764     20 12465636    0    0 192288 344022 78977 77193 68 29  1  3  0
81 13      0 157924     20 12477244    0    0 206144 337577 91079 80414 67 31  0  2  0
116  1      0 168080     20 12467728    0    0 158864 425387 139558 67197 63 33  0  4  0
24 11      0 156956     20 12479384    0    0 192976 368291 81073 78491 66 30  0  4  0
87 10      0 164420     20 12471320    0    0 206864 377778 80700 81676 67 30  0  3  0
93 12      0 151600     20 12484192    0    0 205248 252760 83059 82169 70 29  0  1  0
86  5      0 159796     20 12476328    0    0 209424 298201 83869 82047 69 30  0  1  0
99  8      0 167572     20 12467240    0    0 202624 262951 77886 75901 70 30  0  0  0
83 18      0 156948     20 12478920    0    0 190288 258209 79067 76725 69 30  1  1  0
95 10      0 164156     20 12470620    0    0 212004 287073 84856 82415 70 30  0  0  0
 0  1      0 153740     20 12482284    0    0 189616 369576 79667 80170 62 28  3  7  0
84  6      0 162996     20 12472876    0    0 179252 312400 79046 74242 65 29  5  2  0
79  7      0 151812     20 12484188    0    0 180148 304826 78811 73057 68 28  1  3  0
62 12      0 154336     20 12481540    0    0 181816 241045 79297 76078 69 29  0  1  0
90 12      0 155512     20 12480564    0    0 215048 353080 81503 82741 68 29  0  3  0
52 12      0 157472     20 12479472    0    0 211208 349710 83693 82849 67 30  0  3  0
106  5      0 157808     20 12477936    0    0 211964 288815 86238 82352 68 30  0  1  0
76 12      0 160684     20 12476424    0    0 192648 310166 81176 75484 67 30  1  2  0
47 12      0 163352     20 12473216    0    0 200828 253762 81666 77298 70 29  0  1  0
69 13      0 164504     20 12470996    0    0 200872 269498 86126 81767 69 31  0  0  0
69 18      0 168960     20 12465440    0    0 172020 452969 77243 76526 58 26  9  7  0
procs -----------memory---------- ---swap-- -----io---- -system-- ------cpu-----
 r  b   swpd   free   buff  cache   si   so    bi    bo   in   cs us sy id wa st
14  6      0 152492     20 12483500    0    0 194036 310525 85109 79345 68 30  0  2  0
89  9      0 156852     20 12478112    0    0 176244 321587 78121 74766 68 29  0  3  0
60 14      0 164056     20 12471824    0    0 197236 335964 81342 78855 69 30  0  1  0
64 13      0 166680     20 12464328    0    0 204924 307717 83501 81285 69 29  0  1  0
88  9      0 156608     20 12477404    0    0 215944 270704 85423 83954 68 30  0  1  0
57  4      0 164340     20 12469716    0    0 193088 284018 82968 80995 70 29  0  1  0
100  7      0 152432     20 12481752    0    0 190144 251323 80110 78131 69 30  0  1  0
40  2      0 161124     20 12472888    0    0 183024 293948 79019 76409 70 29  0  1  0
70 13      0 169320     20 12464536    0    0 199280 298560 82591 78972 68 31  0  1  0
71 12      0 157856     20 12476864    0    0 191520 262497 82447 78595 70 30  0  0  0
37 10      0 167892     20 12465344    0    0 141744 612881 65647 66211 48 23 16 13  0
18 17      0 158180     20 12476856    0    0 199792 364079 81210 76721 66 30  0  3  0
54  8      0 165952     20 12467668    0    0 170880 456531 139568 68091 63 33  1  4  0
74  8      0 153352     20 12481388    0    0 195652 239846 81677 77484 70 30  0  1  0
83 10      0 159528     20 12474556    0    0 203120 243432 81158 78648 69 30  0  1  0
44 14      0 166464     20 12468300    0    0 195632 281071 81872 78386 67 30  0  2  0
41  6      0 151236     20 12483304    0    0 184592 268727 79771 75257 69 30  0  2  0
102  2      0 153912     20 12479384    0    0 200052 265941 80102 76850 68 31  0  2  0
69  8      0 156848     20 12477288    0    0 204152 274639 80282 79892 68 31  0  1  0
93 11      0 158748     20 12475788    0    0 190384 282846 80743 77982 68 31  0  1  0
100  4      0 160424     20 12473468    0    0 197832 292821 81913 79810 68 31  0  2  0
procs -----------memory---------- ---swap-- -----io---- -system-- ------cpu-----
 r  b   swpd   free   buff  cache   si   so    bi    bo   in   cs us sy id wa st
69 21      0 162404     20 12471240    0    0 173540 321122 76043 73406 68 29  0  3  0
22  9      0 150308     20 12484160    0    0 183120 333381 79030 77102 68 28  0  4  0
94  7      0 157988     20 12474900    0    0 211536 285441 83707 81363 67 31  0  1  0
60 13      0 166688     20 12466784    0    0 197504 264267 83373 80363 70 30  0  1  0
68 10      0 158272     20 12475656    0    0 128544 507117 60757 61917 46 21 15 18  0
39  6      0 167104     20 12466400    0    0 190016 299568 77032 71754 68 28  1  4  0
90  8      0 155116     20 12478304    0    0 162784 393274 75435 73100 67 28  1  4  0
92  9      0 163304     20 12469512    0    0 203536 242451 82362 77895 68 32  0  0  0
71  1      0 152228     20 12481548    0    0 193520 273433 78655 76746 68 30  0  2  0
73 13      0 160152     20 12472480    0    0 212144 300293 78929 77875 67 31  0  2  0
67  7      0 168756     20 12462968    0    0 175264 316680 74590 71321 67 29  0  4  0
84  9      0 158048     20 12475204    0    0 182544 274960 82244 75402 68 30  0  2  0
34  8      0 166052     20 12466816    0    0 201728 341333 84201 79204 66 30  1  3  0
43  8      0 154964     20 12478824    0    0 195568 334207 84015 80221 67 30  0  3  0
82  7      0 163096     20 12470564    0    0 207264 316585 85492 78924 66 32  1  3  0
42  8      0 151780     20 12481772    0    0 193696 273251 82266 73637 68 31  0  2  0
82 15      0 160980     20 12472560    0    0 187600 312949 82117 74717 67 30  1  3  0
90  5      0 167356     20 12464384    0    0 200468 301478 83608 78536 68 31  0  1  0
40  6      0 157012     20 12476788    0    0 183768 332016 78249 75657 66 30  0  3  0
70 10      0 167060     20 12466536    0    0 188752 387043 75975 75628 66 30  0  4  0
33 13      0 156292     20 12477904    0    0 180336 320683 78113 73941 69 29  0  3  0
procs -----------memory---------- ---swap-- -----io---- -system-- ------cpu-----
 r  b   swpd   free   buff  cache   si   so    bi    bo   in   cs us sy id wa st
66 15      0 164192     20 12469092    0    0 195328 357766 81217 76625 68 29  1  3  0
90  8      0 152472     20 12481836    0    0 195904 357568 111086 76402 67 32  0  2  0
31 15      0 160692     20 12473132    0    0 201392 324416 106485 78375 68 30  0  2  0
62 11      0 168864     20 12465044    0    0 186656 294025 83750 76920 67 30  0  3  0
74 13      0 157452     20 12476304    0    0 188784 241232 81353 74665 69 30  0  1  0
66 15      0 166332     20 12467884    0    0 195744 273353 84223 77663 68 31  0  1  0
72 21      0 153484     20 12480544    0    0 208336 340734 86812 81271 68 30  0  2  0
87  7      0 162336     20 12471844    0    0 201872 270247 85005 79883 68 32  0  1  0
10  7      0 169520     20 12463864    0    0 202496 348912 81703 78281 68 29  1  3  0
79 10      0 158392     20 12475604    0    0 194992 300816 80029 76331 68 31  0  1  0
81 17      0 167568     20 12466724    0    0 187008 348924 80117 75289 67 30  0  3  0
65  7      0 155696     20 12478400    0    0 184720 339307 81420 76296 68 29  0  3  0
81  8      0 163724     20 12470424    0    0 188912 406908 80672 77953 66 29  1  4  0
61 17      0 151404     20 12482516    0    0 210976 327668 82988 80298 68 30  0  2  0
92 12      0 159520     20 12473892    0    0 194048 261014 79932 76815 69 30  0  1  0
75 17      0 168188     20 12464360    0    0 185120 286216 78077 74975 66 30  1  3  0
21 12      0 156604     20 12477528    0    0 192016 341698 83715 80304 68 29  0  3  0
57  8      0 163908     20 12468672    0    0 203168 235634 84934 80150 71 29  0  0  0
23 19      0 151496     20 12481728    0    0 197040 321945 83650 79264 67 31  0  3  0
106  9      0 160664     20 12472440    0    0 196384 372184 79276 75995 66 30  1  4  0
96  8      0 168980     20 12463740    0    0 193456 348915 82120 77689 68 30  0  3  0
procs -----------memory---------- ---swap-- -----io---- -system-- ------cpu-----
 r  b   swpd   free   buff  cache   si   so    bi    bo   in   cs us sy id wa st
98  5      0 156824     20 12476052    0    0 202592 314621 81788 80667 68 30  0  3  0
49  8      0 164628     20 12468160    0    0 188704 250327 82823 79580 69 31  0  0  0
92  4      0 152160     20 12480304    0    0 184016 246578 79676 75994 68 31  0  0  0
31  9      0 162208     20 12471000    0    0 188512 292650 76381 73915 67 31  0  1  0
77  9      0 150524     20 12482796    0    0 198544 284086 83930 78237 66 31  1  2  0
92  7      0 158584     20 12474460    0    0 189120 333838 82368 79887 67 31  0  2  0
38  9      0 166652     20 12466508    0    0 201504 343501 81282 80466 66 31  1  3  0
28 10      0 154872     20 12478052    0    0 191024 378495 79312 77445 66 30  0  4  0
53 10      0 164224     20 12468892    0    0 190272 282795 80370 73513 69 29  0  2  0
33 17      0 153012     20 12480044    0    0 168880 299283 78115 71727 69 29  0  2  0
20 13      0 161924     20 12471560    0    0 193040 361244 81067 78509 67 30  0  2  0
56 13      0 169172     20 12463716    0    0 215024 359513 78469 81444 67 30  0  3  0
83 16      0 158396     20 12475044    0    0 186176 518653 136102 74419 62 32  1  5  0
43 14      0 167000     20 12465720    0    0 187264 328660 75530 74603 66 30  0  4  0
36 10      0 155692     20 12477260    0    0 188992 239633 80003 75989 70 29  0  1  0
15  7      0 163948     20 12469572    0    0 187520 306118 80227 77790 67 29  0  4  0
62 13      0 151852     20 12482036    0    0 194288 286249 82780 79191 69 30  0  1  0
37 13      0 159876     20 12473128    0    0 190848 381087 79675 76785 66 29  1  4  0
59 11      0 167616     20 12464340    0    0 193488 284527 78850 77072 69 29  0  2  0
55 14      0 156600     20 12476284    0    0 190416 297740 79585 77485 69 29  0  2  0
86 15      0 164812     20 12467604    0    0 191072 306407 78516 77888 69 30  0  2  0
procs -----------memory---------- ---swap-- -----io---- -system-- ------cpu-----
 r  b   swpd   free   buff  cache   si   so    bi    bo   in   cs us sy id wa st
69 13      0 153048     20 12480360    0    0 185072 234641 78245 76621 70 29  0  1  0
83  5      0 160636     20 12472828    0    0 202224 295724 81719 80202 68 31  0  1  0
93  8      0 168820     20 12462924    0    0 179184 248530 76281 72557 72 28  0  0  0
100 11      0 158772     20 12473992    0    0 181760 271738 76075 71595 70 30  0  1  0
92  8      0 166364     20 12465804    0    0 183920 255734 78913 74933 69 30  0  1  0
 3  0      0 157324     20 12475880    0    0 166736 379699 73308 74281 60 27  4  9  0
 0  0      0 168828     20 12477084    0    0  6832 481018 12196 11987 10  4 78  8  0
 0  0      0 168828     20 12477084    0    0     0 199968 3824 2977  2  1 94  3  0
 0  0      0 168828     20 12477084    0    0     0 151236 4021 2218  1  1 95  2  0
 0  0      0 168828     20 12477084    0    0     0 320004 5545 3465  2  2 92  5  0
 0  0      0 171272     20 12477080    0    0    80 320024 6167 3946  2  2 91  5  0
