procs -----------memory---------- ---swap-- -----io---- -system-- ------cpu-----
 r  b   swpd   free   buff  cache   si   so    bi    bo   in   cs us sy id wa st
 8  0   3840 1804356   1076 5453068    0    0     0     1    0    0  0  0 99  0  0
 0  0   3840 1774216   1076 5453108    0    0     0     0 86054 68528 12 18 70  0  0
 0  0   3840 1773336   1076 5453108    0    0     0     0 68776 71877 10 13 76  0  0
 1  0   3840 1772920   1076 5453108    0    0     0     4 74263 78838  9 15 76  0  0
 3  0   3840 1773468   1076 5453108    0    0     0     0 78801 83751 10 14 75  0  0
 0  0   3840 1773064   1076 5453108    0    0     0     0 74080 78792  9 14 77  0  0
 1  0   3840 1773292   1076 5453108    0    0     0     0 71858 77194  9 13 78  0  0
 2  0   3840 1770636   1076 5453108    0    0     0     0 68366 73567  9 14 77  0  0
 5  0   3840 1770248   1076 5453108    0    0     0     0 71538 76382  9 14 78  0  0
 0  0   3840 1770992   1076 5453108    0    0     0     0 72226 76534 10 14 76  0  0
 1  0   3840 1769560   1076 5453108    0    0     0     0 73143 77156  9 14 76  0  0
 0  0   3840 1769916   1076 5453112    0    0     0     0 75018 78678  9 15 76  0  0
 2  0   3840 1770392   1076 5453112    0    0     0     0 70031 75953  9 14 77  0  0
 2  0   3840 1770684   1076 5453112    0    0     0     0 70055 75130 10 14 76  0  0
 0  0   3840 1770720   1076 5453120    0    0     0     0 75287 82218  9 15 76  0  0
 0  0   3840 1770412   1076 5453124    0    0     0     0 76930 83731  9 13 78  0  0
 0  0   3840 1769676   1076 5453124    0    0     0     0 73468 80412  9 15 76  0  0
 0  0   3840 1794140   1076 5453124    0    0     0   280 56679 62126 15 15 70  0  0
 2  0   3840 1794476   1076 5453124    0    0     0     0 73100 77506 10 15 76  0  0
 2  0   3840 1794436   1076 5453124    0    0     0     0 75953 80202 10 14 76  0  0
 1  0   3840 1794724   1076 5453124    0    0     0     0 74383 79496 10 15 75  0  0
procs -----------memory---------- ---swap-- -----io---- -system-- ------cpu-----
 r  b   swpd   free   buff  cache   si   so    bi    bo   in   cs us sy id wa st
 1  0   3840 1794348   1076 5453128    0    0     0     0 76585 81024  9 14 77  0  0
 1  0   3840 1794224   1076 5453128    0    0     0     0 71413 76565 10 15 76  0  0
 2  0   3840 1794672   1076 5453128    0    0     0    36 68344 73489 10 14 76  0  0
 0  0   3840 1794056   1076 5453128    0    0     0     0 76950 82003  8 15 77  0  0
 1  0   3840 1794196   1076 5453128    0    0     0     0 78296 84045  9 14 77  0  0
 0  0   3840 1794148   1076 5453128    0    0     0     0 74913 79332 10 14 77  0  0
 0  0   3840 1794596   1076 5453136    0    0     0     0 55634 58594  7 11 81  0  0
 0  0   3840 1793856   1076 5453136    0    0     0     0 76782 81272 10 15 75  0  0
 1  0   3840 1794056   1076 5453136    0    0     0     8 74574 78859 10 15 75  0  0
 1  0   3840 1792920   1076 5453140    0    0     0     0 74439 77754  9 14 77  0  0
 3  0   3840 1793660   1076 5453144    0    0     0     0 74055 78422 10 14 76  0  0
 0  0   3840 1792640   1076 5453148    0    0     0     0 70450 74024  9 14 77  0  0
 1  0   3840 1792960   1076 5453148    0    0     0     0 65452 70690  9 13 78  0  0
 1  0   3840 1792916   1076 5453148    0    0     0    84 75840 80267  9 14 76  0  0
 1  0   3840 1793340   1076 5453148    0    0     0     0 77911 82059  9 14 77  0  0
 1  0   3840 1793428   1076 5453148    0    0     0     0 77152 81864  9 14 76  0  0
 0  0   3840 1793324   1076 5453148    0    0     0     0 71655 75693 10 15 75  0  0
 0  0   3840 1793416   1076 5453148    0    0     0     0 73952 79408  9 14 77  0  0
 0  0   3840 1793208   1076 5453148    0    0     0    72 78945 84100 10 14 77  0  0
 0  0   3840 1793012   1076 5453164    0    0     0     0 76499 82195  9 14 77  0  0
 0  0   3840 1793740   1076 5453164    0    0     0     0 75195 79746  9 14 77  0  0
procs -----------memory---------- ---swap-- -----io---- -system-- ------cpu-----
 r  b   swpd   free   buff  cache   si   so    bi    bo   in   cs us sy id wa st
 0  0   3840 1793408   1076 5453168    0    0     0     0 72059 77155 11 14 75  0  0
 1  0   3840 1793304   1076 5453176    0    0     0     0 69740 74889 10 14 76  0  0
 0  0   3840 1793108   1076 5453176    0    0     0    68 73870 79079  9 15 76  0  0
 0  0   3840 1793332   1076 5453180    0    0     0     0 75853 80772  9 14 77  0  0
 1  0   3840 1793544   1076 5453180    0    0     0     0 72788 76363  9 14 78  0  0
 2  0   3840 1793236   1076 5453180    0    0     0     0 70916 75548 10 14 77  0  0
 0  0   3840 1793064   1076 5453180    0    0     0     0 72600 77413  9 14 77  0  0
 1  0   3840 1793976   1076 5453180    0    0     0    36 74714 79658 10 14 76  0  0
 0  0   3840 1793288   1076 5453180    0    0     0     0 78810 83275  9 15 76  0  0
 1  0   3840 1793136   1076 5453184    0    0     0     0 76415 80821  9 15 76  0  0
 2  0   3840 1793408   1076 5453184    0    0     0     0 72505 76604  9 15 76  0  0
 0  0   3840 1793540   1076 5453196    0    0     0   193 76084 81210 10 14 76  0  0
 0  0   3840 1792916   1076 5453196    0    0     0     0 78113 83467  9 14 77  0  0
 1  0   3840 1793604   1076 5453196    0    0     0    56 77538 82288  9 15 76  0  0
 1  0   3840 1792852   1076 5453196    0    0     0     0 75975 79961  9 14 77  0  0
 0  0   3840 1793048   1076 5453196    0    0     0     0 70104 74680  9 14 77  0  0
 1  0   3840 1792728   1076 5453200    0    0     0     0 67717 72429  9 16 76  0  0
 4  0   3840 1768080   1076 5453200    0    0     0     4 64700 68286 13 14 73  0  0
 0  0   3840 1768472   1076 5453200    0    0     0     0 73397 77976 10 15 75  0  0
 0  0   3840 1766760   1076 5453200    0    0     0    52 75152 81356 10 15 75  0  0
 0  0   3840 1767612   1076 5453200    0    0     0     0 69943 74438 10 14 76  0  0
procs -----------memory---------- ---swap-- -----io---- -system-- ------cpu-----
 r  b   swpd   free   buff  cache   si   so    bi    bo   in   cs us sy id wa st
 0  0   3840 1766760   1076 5453204    0    0     0     0 72033 77380  9 14 77  0  0
 2  0   3840 1768208   1076 5453208    0    0     0     0 54940 57720  7 10 83  0  0
 1  0   3840 1768672   1076 5453212    0    0     0     0 74581 78360  8 14 78  0  0
 0  0   3840 1767452   1076 5453212    0    0     0    52 74809 78818 10 15 75  0  0
 1  0   3840 1768788   1076 5453212    0    0     0     0 73555 78381 10 15 75  0  0
 1  0   3840 1769008   1076 5453212    0    0     0     0 72096 76113  9 15 76  0  0
 0  0   3840 1768284   1076 5453212    0    0     0     0 74574 78336 10 14 77  0  0
 2  0   3840 1768144   1076 5453212    0    0     0     0 72942 76867 10 14 76  0  0
 1  0   3840 1768244   1076 5453216    0    0     0     0 74140 78371  9 14 77  0  0
 1  0   3840 1768332   1076 5453216    0    0     0     0 71606 75199 10 14 76  0  0
 0  0   3840 1767948   1076 5453216    0    0     0     0 71881 78025 10 14 76  0  0
 0  0   3840 1767996   1076 5453224    0    0     0     0 74529 79033 10 14 76  0  0
 0  0   3840 1768616   1076 5453224    0    0     0     0 75674 81633  8 14 78  0  0
 1  0   3840 1768036   1076 5453224    0    0     0     0 75640 81264  8 14 78  0  0
 0  0   3840 1793008   1076 5453224    0    0     0   332 59977 65923 15 16 68  0  0
 0  0   3840 1792912   1076 5453232    0    0     0     0 73476 77707  9 14 77  0  0
 1  0   3840 1793088   1076 5453232    0    0     0     0 75980 80097  9 15 76  0  0
 1  0   3840 1792724   1076 5453232    0    0     0     0 77525 81445  9 15 76  0  0
 0  0   3840 1792768   1076 5453240    0    0     0     0 72271 75921  9 15 76  0  0
 0  0   3840 1792012   1076 5453240    0    0     0     0 69511 74900  9 15 76  0  0
 2  0   3840 1792552   1076 5453240    0    0     0    41 70545 75285  9 14 77  0  0
procs -----------memory---------- ---swap-- -----io---- -system-- ------cpu-----
 r  b   swpd   free   buff  cache   si   so    bi    bo   in   cs us sy id wa st
 1  0   3840 1792812   1076 5453244    0    0     0     0 76012 80284 10 15 76  0  0
 2  0   3840 1792540   1076 5453248    0    0     0     0 77934 82095 10 15 76  0  0
 2  0   3840 1792784   1076 5453248    0    0     0     0 76418 80959  9 14 77  0  0
 0  0   3840 1792780   1076 5453252    0    0     0   104 70855 75772 10 15 75  0  0
 1  0   3840 1792960   1076 5453256    0    0     0     0 73708 78410 10 14 76  0  0
 0  0   3840 1792292   1076 5453256    0    0     0     0 79360 85543 10 15 75  0  0
 0  0   3840 1792652   1076 5453256    0    0     0     0 73069 76598  9 14 76  0  0
 0  0   3840 1792464   1076 5453268    0    0     0     0 72153 76877 10 15 75  0  0
 0  0   3840 1793016   1076 5453268    0    0     0     0 69725 72921 10 15 75  0  0
 0  0   3840 1792600   1076 5453268    0    0     0     0 76045 80668 10 14 76  0  0
 0  0   3840 1793488   1076 5453268    0    0     0     0 78384 83676 10 15 75  0  0
 0  0   3840 1792888   1076 5453272    0    0     0     0 78626 83245 10 14 76  0  0
 1  0   3840 1792452   1076 5453272    0    0     0     0 67929 70740  8 13 79  0  0
 0  0   3840 1793244   1076 5453272    0    0     0     0 72431 76714  9 14 77  0  0
 1  0   3840 1792796   1076 5453272    0    0     0     0 78860 84012  9 15 76  0  0
 4  0   3840 1792660   1076 5453272    0    0     0     0 80233 84637 10 13 76  0  0
 0  0   3840 1793236   1076 5453272    0    0     0     0 80487 85051  9 15 76  0  0
 0  0   3840 1793168   1076 5453272    0    0     0     0 77357 81599 10 14 76  0  0
 0  0   3840 1793140   1076 5453272    0    0     0     0 73375 78120 10 14 76  0  0
 0  0   3840 1793044   1076 5453276    0    0     0     0 76753 82162 10 15 75  0  0
 1  0   3840 1792568   1076 5453284    0    0     0     0 81772 87193 10 14 76  0  0
procs -----------memory---------- ---swap-- -----io---- -system-- ------cpu-----
 r  b   swpd   free   buff  cache   si   so    bi    bo   in   cs us sy id wa st
 1  0   3840 1792276   1076 5453288    0    0     0     0 78998 83020  9 14 77  0  0
 1  0   3840 1792228   1076 5453288    0    0     0     0 76811 80781 10 13 77  0  0
 0  0   3840 1792380   1076 5453288    0    0     0     0 74679 79316  9 14 76  0  0
 0  0   3840 1792212   1076 5453288    0    0     0     0 76099 80495 10 14 76  0  0
 0  0   3840 1792520   1076 5453288    0    0     0     0 75818 80314  9 15 76  0  0
 4  0   3840 1792740   1076 5453288    0    0     0     0 75404 82043 10 14 76  0  0
 1  0   3840 1792300   1076 5453288    0    0     0     0 73526 79100 10 14 75  0  0
 4  0   3840 1792860   1076 5453288    0    0     0     0 69634 74800 10 14 76  0  0
 5  0   3840 1792100   1076 5453288    0    0     0   182 76918 81987 10 14 76  0  0
 0  0   3840 1793088   1076 5453288    0    0     0     2 78309 82969 10 14 76  0  0
 0  0   3840 1792544   1076 5453288    0    0     0     0 81290 86403 10 15 75  0  0
 2  0   3840 1792896   1076 5453292    0    0     0     0 76458 81136 10 14 75  0  0
 0  0   3840 1792852   1076 5453300    0    0     0     0 68161 72806  9 13 77  0  0
 3  0   3840 1769540   1076 5453300    0    0     0    36 66493 70671 12 15 73  0  0
 0  0   3840 1768724   1076 5453304    0    0     0     4 74381 79719  9 15 76  0  0
 0  0   3840 1768760   1076 5453308    0    0     0     0 80137 84917 10 13 77  0  0
 2  0   3840 1768436   1076 5453316    0    0     0     0 75763 81287  9 14 77  0  0
 2  0   3840 1768400   1076 5453316    0    0     0     0 76022 81373 11 14 75  0  0
 0  0   3840 1768484   1076 5453316    0    0     0    64 75252 80385  9 15 76  0  0
 1  0   3840 1767336   1076 5453316    0    0     0     0 77325 82367 10 14 75  0  0
 1  0   3840 1767312   1076 5453316    0    0     0     0 80591 84633 10 15 75  0  0
procs -----------memory---------- ---swap-- -----io---- -system-- ------cpu-----
 r  b   swpd   free   buff  cache   si   so    bi    bo   in   cs us sy id wa st
 1  0   3840 1768112   1076 5453320    0    0     0     0 78657 82754  9 14 77  0  0
 0  0   3840 1768884   1076 5453320    0    0     0     0 73996 78511 10 14 76  0  0
 0  0   3840 1768604   1076 5453320    0    0     0     0 76024 81152  8 13 78  0  0
 1  0   3840 1767912   1076 5453324    0    0     0     0 78314 82070  9 14 78  0  0
 1  0   3840 1768988   1076 5453332    0    0     0     0 82463 86217 10 14 75  0  0
 1  0   3840 1769328   1076 5453336    0    0     0     0 75498 79434  9 14 76  0  0
 1  0   3840 1768688   1076 5453340    0    0     0     0 72749 77556 10 15 75  0  0
 0  0   3840 1768476   1076 5453344    0    0     0    88 75670 80676  9 15 76  0  0
 2  0   3840 1768520   1076 5453344    0    0     0     0 78180 82154 10 14 76  0  0
 0  0   3840 1768364   1076 5453344    0    0     0     0 80061 84968 10 14 76  0  0
 0  0   3840 1768428   1076 5453344    0    0     0     0 73746 80607  9 14 78  0  0
 0  0   3840 1793140   1076 5453348    0    0     0   280 59448 66225 16 16 67  0  0
 1  0   3840 1792656   1076 5453348    0    0     0     0 76526 82417 10 14 76  0  0
 0  0   3840 1792684   1076 5453348    0    0     0     0 67196 70169  8 13 79  0  0
 1  0   3840 1793116   1076 5453348    0    0     0     0 81676 86539 10 14 76  0  0
 0  0   3840 1792588   1076 5453352    0    0     0     0 74305 78576  9 14 76  0  0
 1  0   3840 1792060   1076 5453356    0    0     0     0 71706 75984 10 14 76  0  0
 1  0   3840 1792972   1076 5453356    0    0     0     0 73214 76964 10 14 76  0  0
 1  0   3840 1792004   1076 5453356    0    0     0   192 78213 82617 10 15 75  0  0
 0  0   3840 1792780   1076 5453356    0    0     0     0 78183 83177 10 14 76  0  0
 0  0   3840 1793744   1076 5453356    0    0     0     0 79491 85127 10 14 76  0  0
procs -----------memory---------- ---swap-- -----io---- -system-- ------cpu-----
 r  b   swpd   free   buff  cache   si   so    bi    bo   in   cs us sy id wa st
 3  0   3840 1792732   1076 5453360    0    0     0     0 74326 80728  9 14 76  0  0
 0  0   3840 1792360   1076 5453360    0    0     0     0 72756 77915 10 14 77  0  0
 0  0   3840 1793240   1076 5453360    0    0     0     0 78344 83067  9 14 76  0  0
 3  0   3840 1792992   1076 5453364    0    0     0     0 80038 84497 10 14 76  0  0
 0  0   3840 1792424   1076 5453364    0    0     0     0 75713 79824  9 14 77  0  0
 1  0   3840 1792404   1076 5453364    0    0     0     0 75018 81082  9 14 77  0  0
 0  0   3840 1792664   1076 5453364    0    0     0     0 76889 82742  9 14 76  0  0
 0  0   3840 1792772   1076 5453364    0    0     0     0 78599 83009  9 14 76  0  0
 1  0   3840 1792616   1076 5453372    0    0     0     0 77032 81941 10 14 76  0  0
 0  0   3840 1792568   1076 5453372    0    0     0     0 79563 84746 10 14 77  0  0
 0  0   3840 1792796   1076 5453372    0    0     0     0 72494 76395  9 14 77  0  0
 1  0   3840 1792872   1076 5453376    0    0     0     0 78506 83286  9 14 77  0  0
 0  0   3840 1792780   1076 5453376    0    0     0     0 84877 90760  9 14 77  0  0
 0  0   3840 1792856   1076 5453380    0    0     0     0 75190 78229  9 13 78  0  0
 0  0   3840 1793332   1076 5453380    0    0     0     0 76967 83657  9 14 77  0  0
 2  0   3840 1792384   1076 5453388    0    0     0     0 77611 83875  9 14 77  0  0
 1  0   3840 1792596   1076 5453388    0    0     0     0 78901 85607  9 14 78  0  0
 2  0   3840 1791916   1076 5453388    0    0     0     0 80703 85460  9 13 78  0  0
 1  0   3840 1791720   1076 5453392    0    0     0     0 83365 87344  9 14 77  0  0
 1  0   3840 1791680   1076 5453392    0    0     0     0 80847 85390  8 14 78  0  0
 0  0   3840 1791928   1076 5453392    0    0     0     0 77305 81752  9 15 76  0  0
procs -----------memory---------- ---swap-- -----io---- -system-- ------cpu-----
 r  b   swpd   free   buff  cache   si   so    bi    bo   in   cs us sy id wa st
 0  0   3840 1791800   1076 5453404    0    0     0     0 80578 85275  9 13 78  0  0
 0  0   3840 1791784   1076 5453404    0    0     0     0 80923 85682  9 13 78  0  0
 0  0   3840 1792488   1076 5453404    0    0     0     0 83537 89182  9 13 77  0  0
 1  0   3840 1791736   1076 5453408    0    0     0     0 78596 82139  9 14 78  0  0
 1  0   3840 1791800   1076 5453412    0    0     0     0 75191 78943  9 13 77  0  0
 0  0   3840 1792028   1076 5453412    0    0     0     0 82770 87448 10 14 76  0  0
 1  0   3840 1791576   1076 5453412    0    0     0   238 83973 88137  9 14 78  0  0
 1  0   3840 1792120   1076 5453412    0    0     0    80 82771 87037  9 14 78  0  0
 1  0   3840 1792196   1076 5453416    0    0     0     0 82583 86942  9 12 78  0  0
 0  0   3840 1792132   1076 5453416    0    0     0     0 75830 79635 10 14 76  0  0
 0  0   3840 1791792   1076 5453416    0    0     0     0 72787 77584 10 14 75  0  0
 2  0   3840 1767612   1076 5453420    0    0     0     4 76380 81442 12 14 74  0  0
 2  0   3840 1767680   1076 5453428    0    0     0     0 81669 86533  9 14 77  0  0
 2  0   3840 1767948   1076 5453432    0    0     0     0 78237 82304  9 14 76  0  0
 0  0   3840 1768320   1076 5453432    0    0     0     0 75523 80211  9 14 77  0  0
 1  0   3840 1767312   1076 5453432    0    0     0     0 78061 82656 10 14 76  0  0
 1  0   3840 1767552   1076 5453432    0    0     0     0 83047 87138  9 14 77  0  0
 1  0   3840 1767560   1076 5453432    0    0     0    20 84564 88046  9 13 78  0  0
 0  0   3840 1766648   1076 5453432    0    0     0     0 81121 87608  9 15 76  0  0
 1  0   3840 1766556   1076 5453432    0    0     0     0 74951 80054 10 14 76  0  0
 1  0   3840 1766916   1076 5453432    0    0     0     0 79298 85160  9 14 77  0  0
procs -----------memory---------- ---swap-- -----io---- -system-- ------cpu-----
 r  b   swpd   free   buff  cache   si   so    bi    bo   in   cs us sy id wa st
 0  0   3840 1768272   1076 5453436    0    0     0     0 82076 87409  9 14 77  0  0
 0  0   3840 1768024   1076 5453436    0    0     0     0 79934 84198  9 14 77  0  0
 0  0   3840 1767692   1076 5453436    0    0     0     0 75925 81512  8 13 79  0  0
 2  0   3840 1768044   1076 5453436    0    0     0     0 75872 79982  9 14 77  0  0
 1  0   3840 1767532   1076 5453440    0    0     0     0 82631 86832 10 14 76  0  0
 0  0   3840 1767896   1076 5453444    0    0     0     0 86101 90200 10 14 76  0  0
 1  0   3840 1767728   1076 5453444    0    0     0     0 85478 90426 10 15 75  0  0
 0  0   3840 1768192   1076 5453448    0    0     0     0 85354 90836 10 15 75  0  0
 2  0   3840 1791800   1076 5453448    0    0     0   280 62795 69256 15 15 70  0  0
 0  0   3840 1791940   1076 5453448    0    0     0     0 80667 85239  9 14 77  0  0
 0  0   3840 1792204   1076 5453448    0    0     0     0 83242 87446  9 14 77  0  0
 0  0   3840 1792488   1076 5453456    0    0     0     0 70402 73988  8 12 80  0  0
 0  0   3840 1791540   1076 5453456    0    0     0     0 81884 86908  9 14 77  0  0
 0  0   3840 1791676   1076 5453464    0    0     0     0 76019 79988  9 13 78  0  0
 1  0   3840 1791252   1076 5453464    0    0     0     0 78612 83691 10 13 76  0  0
 0  0   3840 1793244   1076 5453464    0    0     0    40 82615 87205  9 13 77  0  0
 0  0   3840 1793708   1076 5453464    0    0     0     0 82991 86935  9 13 78  0  0
 1  0   3840 1793356   1076 5453468    0    0     0    80 83191 88183  9 14 78  0  0
 0  0   3840 1792396   1076 5453472    0    0     0     0 81469 85341  9 14 77  0  0
 1  0   3840 1792740   1076 5453472    0    0     0     0 79805 84985  9 14 78  0  0
 0  0   3840 1792552   1076 5453472    0    0     0     0 84614 89470  9 14 77  0  0
procs -----------memory---------- ---swap-- -----io---- -system-- ------cpu-----
 r  b   swpd   free   buff  cache   si   so    bi    bo   in   cs us sy id wa st
 0  0   3840 1793176   1076 5453484    0    0     0     0 72365 75993  8 12 80  0  0
 0  0   3840 1792736   1076 5453484    0    0     0     8 82517 87144 10 15 75  0  0
 0  0   3840 1792844   1076 5453484    0    0     0     0 78378 83149 10 15 76  0  0
 1  0   3840 1789188   1076 5453496    0    0     0     0 76551 80407 10 14 76  0  0
 1  0   3840 1788936   1076 5453500    0    0     0     0 81882 86301  9 14 77  0  0
 1  0   3840 1792788   1076 5453504    0    0     0     0 86691 93024 10 14 76  0  0
 2  0   3840 1791924   1076 5453504    0    0     0     0 83892 91111  9 14 77  0  0
 1  0   3840 1792240   1076 5453504    0    0     0     0 78010 83879 10 13 77  0  0
 1  0   3840 1792648   1076 5453504    0    0     0     0 79416 84424  9 15 76  0  0
 1  0   3840 1792160   1076 5453512    0    0     0     0 81864 86363  9 14 76  0  0
 0  0   3840 1792024   1076 5453512    0    0     0     0 76965 80908  9 13 78  0  0
 1  0   3840 1791884   1076 5453520    0    0     0    20 63146 67388  6 11 82  0  0
 1  0   3840 1791808   1076 5453520    0    0     0     0 77035 82003  9 14 76  0  0
 0  0   3840 1792996   1076 5453520    0    0     0     0 76594 80284  9 14 77  0  0
 2  0   3840 1792284   1076 5453520    0    0     0     0 81048 84236  9 14 78  0  0
 1  0   3840 1792784   1076 5453520    0    0     0     0 84020 87950 10 14 76  0  0
 1  0   3840 1791808   1076 5453524    0    0     0     0 82547 87230  9 15 76  0  0
 0  0   3840 1792300   1076 5453524    0    0     0     0 77540 81880 10 13 77  0  0
 0  0   3840 1791844   1076 5453524    0    0     0     0 81494 85732 10 14 76  0  0
 1  0   3840 1792212   1076 5453524    0    0     0     0 81561 86035  9 15 77  0  0
 0  0   3840 1792232   1076 5453524    0    0     0     0 82620 86327  9 15 76  0  0
procs -----------memory---------- ---swap-- -----io---- -system-- ------cpu-----
 r  b   swpd   free   buff  cache   si   so    bi    bo   in   cs us sy id wa st
 1  0   3840 1792136   1076 5453532    0    0     0    36 77827 81391  8 15 77  0  0
 0  0   3840 1792000   1076 5453536    0    0     0     0 74281 77842  9 14 77  0  0
 0  0   3840 1792136   1076 5453536    0    0     0     0 81224 85649  9 14 77  0  0
 0  0   3840 1792292   1076 5453536    0    0     0   170 84236 87632  9 14 77  0  0
 1  0   3840 1792448   1076 5453536    0    0     0     0 82045 87748  9 14 78  0  0
 0  0   3840 1791764   1076 5453536    0    0     0    44 57393 60926  6  9 84  0  0
 0  0   3840 1791680   1076 5453536    0    0     0     0 77701 81847 10 14 76  0  0
 1  0   3840 1768132   1076 5453536    0    0     0     4 74291 80030 12 15 73  0  0
 1  0   3840 1768060   1076 5453540    0    0     0     0 80565 86698  9 15 76  0  0
 1  0   3840 1767752   1076 5453544    0    0     0     0 77733 83825  9 14 77  0  0
 1  0   3840 1767912   1076 5453544    0    0     0    44 76558 82774 10 13 77  0  0
 1  0   3840 1767944   1076 5453552    0    0     0     0 75470 79675  9 13 77  0  0
 1  0   3840 1767616   1076 5453556    0    0     0     0 79766 86554 10 15 76  0  0
 1  0   3840 1767508   1076 5453560    0    0     0     0 79511 84917  8 14 78  0  0
 1  0   3840 1767284   1076 5453564    0    0     0     0 80743 87004  9 13 77  0  0
 2  0   3840 1767732   1076 5453564    0    0     0     0 82444 87010  9 14 77  0  0
 1  0   3840 1767832   1076 5453564    0    0     0    36 76140 80248  9 15 76  0  0
 2  0   3840 1767880   1076 5453564    0    0     0     0 79932 84483 11 14 75  0  0
 2  0   3840 1767248   1076 5453564    0    0     0     0 79425 86052  9 14 77  0  0
 1  0   3840 1768300   1076 5453568    0    0     0     0 74916 79382  9 13 78  0  0
 1  0   3840 1768108   1076 5453568    0    0     0     0 75889 79833 10 15 75  0  0
procs -----------memory---------- ---swap-- -----io---- -system-- ------cpu-----
 r  b   swpd   free   buff  cache   si   so    bi    bo   in   cs us sy id wa st
 0  0   3840 1768272   1076 5453572    0    0     0     0 76063 81020 10 14 76  0  0
 1  0   3840 1768044   1076 5453572    0    0     0     0 78523 82967  9 14 77  0  0
 1  0   3840 1767912   1076 5453572    0    0     0     0 79714 84635  9 14 77  0  0
 0  0   3840 1767892   1076 5453576    0    0     0     0 82278 86638  9 14 77  0  0
 0  0   3840 1768144   1076 5453576    0    0     0     0 81285 85718 10 14 76  0  0
 0  0   3840 1793096   1076 5453580    0    0     0   280 64021 70871 16 16 68  0  0
 1  0   3840 1792696   1076 5453588    0    0     0     0 83782 89499  9 16 75  0  0
 0  0   3840 1792484   1076 5453588    0    0     0     0 84018 88360 10 15 76  0  0
 0  0   3840 1791964   1076 5453588    0    0     0     0 81556 85319  9 14 77  0  0
 1  0   3840 1792640   1076 5453588    0    0     0     0 78330 82302  9 14 77  0  0
 0  0   3840 1792228   1076 5453588    0    0     0    16 76311 80000 10 15 76  0  0
 1  0   3840 1791588   1076 5453592    0    0     0     0 80347 85137  9 14 77  0  0
 5  0   3840 1791980   1076 5453592    0    0     0    70 79005 85084  9 14 76  0  0
 1  0   3840 1792308   1076 5453596    0    0     0     1 79770 84741 10 13 76  0  0
 2  0   3840 1792664   1076 5453596    0    0     0     0 82118 85949  9 14 77  0  0
 2  0   3840 1792548   1076 5453596    0    0     0     0 78838 83210 10 14 76  0  0
 1  0   3840 1792352   1076 5453596    0    0     0     0 79773 84243  9 15 76  0  0
 0  0   3840 1792240   1076 5453600    0    0     0     0 83393 87859  9 15 76  0  0
 0  0   3840 1792408   1076 5453600    0    0     0     0 83407 87946 10 15 75  0  0
 0  0   3840 1791968   1076 5453608    0    0     0     0 79582 84091  8 15 77  0  0
 0  0   3840 1792256   1076 5453608    0    0     0   100 77961 82233  8 15 76  0  0
procs -----------memory---------- ---swap-- -----io---- -system-- ------cpu-----
 r  b   swpd   free   buff  cache   si   so    bi    bo   in   cs us sy id wa st
 0  0   3840 1792976   1076 5453612    0    0     0     0 80366 84593 10 14 75  0  0
 4  0   3840 1792516   1076 5453612    0    0     0     0 83900 88683 11 15 74  0  0
 0  0   3840 1792772   1076 5453612    0    0     0     0 83743 88183 10 15 75  0  0
 1  0   3840 1792296   1076 5453612    0    0     0     0 79481 84445  9 15 76  0  0
 0  0   3840 1792192   1076 5453612    0    0     0     0 73074 77281  9 14 77  0  0
 2  0   3840 1792572   1076 5453612    0    0     0     0 81641 86786 10 14 76  0  0
 1  0   3840 1791932   1076 5453612    0    0     0     0 82209 87380 10 14 76  0  0
 0  0   3840 1792172   1076 5453612    0    0     0     0 79820 83444  9 14 77  0  0
 0  0   3840 1792340   1076 5453616    0    0     0     0 77513 81035  9 14 77  0  0
 0  0   3840 1793444   1076 5453616    0    0     0     4 74874 78394 10 14 76  0  0
 1  0   3840 1792540   1076 5453624    0    0     0     0 77382 81661  9 14 77  0  0
 0  0   3840 1792832   1076 5453636    0    0     0     0 81394 86938 10 14 76  0  0
 0  0   3840 1792288   1076 5453640    0    0     0     0 79349 84327  9 13 78  0  0
 0  0   3840 1792720   1076 5453640    0    0     0     0 77752 82324  9 14 77  0  0
 0  0   3840 1791984   1076 5453640    0    0     0     0 77815 82235  9 14 77  0  0
 0  0   3840 1792424   1076 5453640    0    0     0    36 81696 86591  9 15 76  0  0
 0  0   3840 1791832   1076 5453640    0    0     0     0 80665 85456 10 13 77  0  0
 1  0   3840 1792256   1076 5453644    0    0     0     0 81496 87283 10 15 75  0  0
 0  0   3840 1792452   1076 5453644    0    0     0     0 79238 83872  9 14 77  0  0
 4  0   3840 1792284   1076 5453644    0    0     0     0 75883 80672 10 14 76  0  0
 0  0   3840 1792488   1076 5453644    0    0     0     0 81612 87627 10 15 74  0  0
procs -----------memory---------- ---swap-- -----io---- -system-- ------cpu-----
 r  b   swpd   free   buff  cache   si   so    bi    bo   in   cs us sy id wa st
 0  0   3840 1792560   1076 5453648    0    0     0     0 79897 83961  9 14 77  0  0
 2  0   3840 1793164   1076 5453648    0    0     0   258 84073 89175 10 15 75  0  0
 0  0   3840 1792404   1076 5453652    0    0     0     0 83580 88620 10 15 75  0  0
 1  0   3840 1793012   1076 5453656    0    0     0     0 75394 79726  9 14 77  0  0
 1  0   3840 1792104   1076 5453656    0    0     0     0 73658 78583  9 14 77  0  0
 1  0   3840 1767368   1076 5453660    0    0     0     4 74001 79905 10 15 75  0  0
 0  0   3840 1768240   1076 5453660    0    0     0     0 56006 60124  6 10 84  0  0
 0  0   3840 1798996   1076 5453660    0    0     0     0 4714 4376  1  2 98  0  0
 0  0   3840 1798968   1076 5453668    0    0     0     0  397  422  0  0 100  0  0
 0  0   3840 1798968   1076 5453668    0    0     0   104  390  419  0  0 100  0  0
 0  0   3840 1799020   1076 5453668    0    0     0     0  390  390  0  0 100  0  0
