Linux 4.18.0-553.144.1.el8_10.x86_64 (g-test-poc-2) 	07/27/26 	_x86_64_	(4 CPU)

07:46:22     CPU    %usr   %nice    %sys %iowait    %irq   %soft  %steal  %guest  %gnice   %idle
07:46:23     all    1.52    0.00    0.76    0.25    0.25    0.00    0.00    0.00    0.00   97.22
07:46:24     all    0.75    0.00    1.01    0.00    0.25    0.25    0.00    0.00    0.00   97.74
07:46:25     all    0.75    0.00    0.50    0.50    0.50    0.00    0.00    0.00    0.00   97.74
07:46:26     all    0.50    0.00    1.00    0.75    0.50    0.00    0.25    0.00    0.00   97.00
07:46:27     all    0.50    0.00    0.50    0.25    0.00    0.76    0.00    0.00    0.00   97.98
07:46:28     all    1.26    0.00    0.75    0.00    0.50    0.25    0.00    0.00    0.00   97.24
07:46:29     all    1.01    0.00    0.50    0.25    0.50    0.00    0.00    0.00    0.00   97.74
07:46:30     all    1.00    0.00    1.00    0.25    0.00    0.00    0.25    0.00    0.00   97.50
07:46:31     all    0.75    0.00    1.00    0.75    1.00    0.00    0.00    0.00    0.00   96.51
07:46:32     all    1.26    0.00    1.01    0.25    0.00    0.25    0.00    0.00    0.00   97.24
07:46:33     all    0.51    0.00    0.76    0.25    0.51    0.00    0.00    0.00    0.00   97.98
07:46:34     all    0.75    0.00    0.75    0.25    0.50    0.50    0.00    0.00    0.00   97.26
07:46:35     all    1.00    0.00    0.50    0.75    0.00    0.00    0.25    0.00    0.00   97.49
07:46:36     all    1.00    0.00    0.75    0.00    0.75    0.50    0.00    0.00    0.00   97.01
07:46:37     all    0.76    0.00    1.01    0.25    0.25    0.00    0.00    0.00    0.00   97.73
07:46:38     all    0.75    0.00    0.75    0.25    0.50    0.00    0.25    0.00    0.00   97.49
07:46:39     all    1.01    0.00    0.76    0.76    0.25    0.00    0.00    0.00    0.00   97.23
07:46:40     all    1.00    0.00    0.75    0.25    0.25    0.50    0.00    0.00    0.00   97.25
07:46:41     all    1.49    0.00    0.99    0.50    0.50    0.25    0.25    0.00    0.00   96.03
07:46:42     all    1.01    0.00    0.76    0.00    0.51    0.00    0.00    0.00    0.00   97.73
07:46:43     all    1.01    0.00    0.51    0.51    0.51    0.00    0.25    0.00    0.00   97.22
07:46:44     all    1.00    0.00    0.75    0.25    0.50    0.50    0.00    0.00    0.00   97.00
07:46:45     all    1.00    0.00    1.00    0.25    0.00    0.25    0.00    0.00    0.00   97.49
07:46:46     all    0.51    0.00    0.00    0.25    0.76    0.00    0.25    0.00    0.00   98.22
07:46:47     all    1.00    0.00    1.00    0.50    0.25    0.25    0.00    0.00    0.00   97.01
07:46:48     all    0.76    0.00    0.76    0.50    0.00    0.00    0.00    0.00    0.00   97.98
07:46:49     all    0.75    0.00    0.75    0.25    0.75    0.25    0.00    0.00    0.00   97.24
07:46:50     all    0.75    0.00    0.75    0.25    0.25    0.25    0.25    0.00    0.00   97.49
07:46:51     all    1.00    0.00    1.25    0.25    0.50    0.00    0.00    0.00    0.00   97.01
07:46:52     all    1.26    0.00    0.75    0.25    0.50    0.00    0.00    0.00    0.00   97.24
07:46:53     all    0.75    0.00    0.50    0.50    0.25    0.75    0.00    0.00    0.00   97.24
07:46:54     all    0.75    0.00    1.00    0.50    0.50    0.00    0.25    0.00    0.00   97.00
07:46:55     all    1.01    0.00    0.75    0.25    0.25    0.00    0.25    0.00    0.00   97.49
07:46:56     all    0.75    0.00    1.00    0.25    0.50    0.25    0.00    0.00    0.00   97.26
07:46:57     all    1.26    0.00    0.51    0.25    0.51    0.00    0.00    0.00    0.00   97.47
07:46:58     all    1.00    0.00    1.00    0.25    0.50    0.25    0.00    0.00    0.00   96.99
07:46:59     all    0.76    0.00    0.25    0.25    0.00    0.25    0.00    0.00    0.00   98.48
07:47:00     all    0.50    0.00    0.75    0.25    0.50    0.00    0.25    0.00    0.00   97.74
07:47:01     all    1.50    0.00    1.00    0.25    0.50    0.00    0.00    0.00    0.00   96.75
07:47:02     all    0.50    0.00    0.50    0.50    0.25    0.50    0.00    0.00    0.00   97.74
07:47:03     all    1.01    0.00    1.01    0.25    0.50    0.25    0.00    0.00    0.00   96.98
07:47:04     all    1.00    0.00    0.75    0.50    0.50    0.00    0.25    0.00    0.00   96.99
07:47:05     all    1.25    0.00    1.25    0.25    0.50    0.00    0.00    0.00    0.00   96.76
07:47:06     all    1.01    0.00    0.76    0.50    0.25    0.50    0.50    0.00    0.00   96.47
07:47:07     all    1.24    0.00    0.75    0.25    0.75    0.25    0.00    0.00    0.00   96.77
07:47:08     all    0.75    0.00    1.01    0.25    0.25    0.00    0.00    0.00    0.00   97.74
07:47:09     all    0.51    0.00    0.76    0.00    0.25    0.00    0.00    0.00    0.00   98.48
07:47:10     all    2.25    0.00    1.25    0.25    0.75    0.50    0.00    0.00    0.00   95.00
07:47:11     all    3.03    0.00    3.03    0.25    0.51    0.51    0.25    0.00    0.00   92.42
07:47:12     all    1.76    0.00    1.26    0.50    0.50    0.00    0.00    0.00    0.00   95.98
07:47:13     all    1.25    0.00    0.75    0.50    0.25    0.25    0.00    0.00    0.00   97.00
07:47:14     all    1.00    0.00    0.50    0.25    0.75    0.00    0.00    0.00    0.00   97.49
07:47:15     all    1.50    0.00    0.75    0.25    0.25    0.00    0.25    0.00    0.00   97.00
07:47:16     all    0.50    0.00    0.75    0.50    0.25    0.50    0.25    0.00    0.00   97.24
07:47:17     all    1.00    0.00    0.75    0.00    0.75    0.50    0.25    0.00    0.00   96.76
07:47:18     all    1.26    0.00    0.50    0.50    0.00    0.00    0.00    0.00    0.00   97.74
07:47:19     all    2.53    0.00    3.03    0.51    1.01    0.00    0.00    0.00    0.00   92.93
07:47:20     all    0.76    0.00    0.76    0.25    0.00    0.00    0.00    0.00    0.00   98.23
07:47:21     all    1.25    0.00    0.75    0.25    0.75    0.50    0.00    0.00    0.00   96.50
07:47:22     all    1.25    0.00    1.00    0.00    0.25    0.25    0.25    0.00    0.00   97.01
07:47:23     all    2.26    0.00    2.01    0.25    1.00    0.25    0.50    0.00    0.00   93.73
07:47:24     all    0.75    0.00    0.50    0.00    0.00    0.00    0.25    0.00    0.00   98.49
07:47:25     all    0.75    0.00    0.50    0.00    0.25    0.00    0.00    0.00    0.00   98.49
07:47:26     all    0.75    0.00    0.50    0.00    0.75    0.25    0.00    0.00    0.00   97.75
07:47:27     all    1.02    0.00    1.27    0.00    0.00    0.00    0.00    0.00    0.00   97.72
Average:     all    1.05    0.00    0.87    0.30    0.41    0.17    0.08    0.00    0.00   97.12
