procs -----------memory---------- ---swap-- -----io---- -system-- ------cpu-----
 r  b   swpd   free   buff  cache   si   so    bi    bo   in   cs us sy id wa st
 2  0   3328 649400   1080 6689780    0    0     0     1    0    0  0  0 100  0  0
 2  0   3328 615420   1080 6689948    0    0     0    51 9428 9391 18 19 63  0  0
 1  0   3328 615324   1080 6689952    0    0     0     0 8930 9870 10 22 68  0  0
 2  0   3328 615300   1080 6689952    0    0     0     0 8795 9506 10 21 68  0  0
 1  0   3328 614248   1080 6689968    0    0     0    30 6674 7024  8 14 78  0  0
 2  0   3328 615404   1080 6689968    0    0     0     0 8920 9823 10 21 68  0  0
 1  0   3328 615284   1080 6689968    0    0     0     0 9007 10002 11 21 68  0  0
 2  0   3328 615368   1080 6689968    0    0     0     0 8918 9781 10 22 68  0  0
 1  0   3328 614516   1080 6689968    0    0     0     0 8699 9347 10 22 68  0  0
 1  0   3328 615300   1080 6689968    0    0     0     0 8792 9606 10 22 68  0  0
 1  0   3328 614204   1080 6689968    0    0     0     0 9071 10091 10 21 68  0  0
 1  0   3328 615488   1080 6689992    0    0     0     0 8861 9693 11 21 68  0  0
 1  0   3328 615116   1080 6689992    0    0     0   312 9132 10132 10 22 68  0  0
 1  0   3328 615076   1080 6689996    0    0     0     0 6288 6310  7 14 78  0  0
 1  0   3328 614016   1080 6690016    0    0     0     0 8601 9117 11 21 68  0  0
 1  0   3328 615008   1080 6690016    0    0     0     0 8989 9931 10 22 68  0  0
 2  0   3328 614856   1080 6690032    0    0     0     0 8955 9881 10 22 68  0  0
 1  0   3328 613900   1080 6690032    0    0     0     4 8916 9742 10 22 68  0  0
 1  0   3328 614996   1080 6690032    0    0     0     0 8648 9175 11 21 68  0  0
 1  0   3328 615236   1080 6690032    0    0     0     0 8771 9507 10 23 67  0  0
 2  0   3328 613844   1080 6690032    0    0     0     0 8923 9931 10 21 68  0  0
procs -----------memory---------- ---swap-- -----io---- -system-- ------cpu-----
 r  b   swpd   free   buff  cache   si   so    bi    bo   in   cs us sy id wa st
 1  0   3328 614696   1080 6690048    0    0     0     0 8898 9791 10 21 69  0  0
 1  0   3328 614856   1080 6690056    0    0     0     0 9079 10046 10 22 68  0  0
 3  0   3328 615188   1080 6690056    0    0     0     0 8528 8957 10 23 67  0  0
 1  0   3328 614208   1080 6690056    0    0     0     0 8720 9376 10 22 68  0  0
 1  0   3328 615076   1080 6690056    0    0     0     0 9114 10230 10 22 68  0  0
 1  0   3328 615252   1080 6690056    0    0     0     0 9102 10149 11 22 68  0  0
 1  0   3328 614060   1080 6690068    0    0     0     0 6642 6653  7 13 79  0  0
 2  0   3328 614496   1080 6690072    0    0     0     4 8742 9454 11 22 68  0  0
 1  0   3328 615140   1080 6690084    0    0     0     0 8700 9372 11 22 68  0  0
 1  0   3328 614132   1080 6690088    0    0     0     0 8773 9519 11 21 68  0  0
 1  0   3328 615348   1080 6690088    0    0     0     0 8830 9662 11 21 69  0  0
 1  0   3328 614340   1080 6690104    0    0     0     0 8801 9556 10 22 68  0  0
 4  0   3328 615312   1080 6690112    0    0     0   328 8513 8987 11 21 68  0  0
 1  0   3328 615284   1080 6690112    0    0     0     0 8916 9854  9 23 68  0  0
 1  0   3328 613900   1080 6690112    0    0     0     0 9025 10017 10 22 68  0  0
 1  0   3328 613964   1080 6690112    0    0     0     0 9018 10145 10 22 69  0  0
 0  0   3328 614148   1080 6690104    0    0     0     0 3877 3527  4  6 90  0  0
 1  0   3328 615128   1080 6690116    0    0     0     4 6688 6863  7 16 77  0  0
 2  0   3328 614072   1080 6690116    0    0     0     0 8533 9099 10 22 68  0  0
 1  0   3328 590300   1080 6690148    0    0     0     4 8854 9731 13 22 65  0  0
 1  0   3328 588972   1080 6690160    0    0     0     0 8877 9684 10 22 68  0  0
procs -----------memory---------- ---swap-- -----io---- -system-- ------cpu-----
 r  b   swpd   free   buff  cache   si   so    bi    bo   in   cs us sy id wa st
 1  0   3328 590364   1080 6690184    0    0     0   118 8608 9214 10 22 68  0  0
 1  0   3328 590476   1080 6690216    0    0     0     0 8666 9237 10 22 68  0  0
 1  0   3328 589424   1080 6690228    0    0     0     0 8651 9178 10 23 67  0  0
 1  0   3328 590516   1080 6690232    0    0     0     0 8962 9904 11 21 68  0  0
 2  0   3328 589000   1080 6690232    0    0     0     0 9025 10039 11 21 68  0  0
 1  0   3328 589212   1080 6690220    0    0     0     0 9091 10215 10 22 68  0  0
 0  0   3328 589400   1080 6690220    0    0     0     0 2483 1794  1  3 96  0  0
 2  0   3328 589204   1080 6690220    0    0     0     0 3872 3309  3  6 91  0  0
 1  0   3328 591004   1080 6690228    0    0     0     0 8857 9712 11 22 67  0  0
 2  0   3328 590872   1080 6690228    0    0     0     0 8797 9345 10 22 68  0  0
 2  0   3328 590196   1080 6690228    0    0     0     0 8734 9451 10 22 69  0  0
 1  0   3328 590808   1080 6690264    0    0     0     0 8470 8887 10 23 67  0  0
 2  0   3328 589644   1080 6690268    0    0     0     0 8647 9188 10 22 68  0  0
 1  0   3328 590612   1080 6690276    0    0     0     0 8953 9867 10 22 68  0  0
 2  0   3328 590196   1080 6690280    0    0     0     0 9092 10110 10 22 68  0  0
 1  0   3328 589428   1080 6690272    0    0     0     0 7599 8204  8 17 75  0  0
 0  0   3328 589644   1080 6690272    0    0     0     0 2643 1869  2  3 96  0  0
 1  0   3328 615120   1080 6690288    0    0     0   264 8767 9532 16 23 61  0  0
 2  0   3328 616416   1080 6690296    0    0     0     0 8527 9254 10 21 70  0  0
 1  0   3328 618088   1080 6690312    0    0     0    16 8626 8822 11 21 68  0  0
 1  0   3328 618020   1080 6690312    0    0     0     0 8111 8222  9 21 70  0  0
procs -----------memory---------- ---swap-- -----io---- -system-- ------cpu-----
 r  b   swpd   free   buff  cache   si   so    bi    bo   in   cs us sy id wa st
 1  0   3328 617880   1080 6690312    0    0     0   252 8212 8387  9 21 70  0  0
 1  0   3328 618176   1080 6690332    0    0     0     0 8052 8387  9 20 71  0  0
