procs -----------memory---------- ---swap-- -----io---- -system-- ------cpu-----
 r  b   swpd   free   buff  cache   si   so    bi    bo   in   cs us sy id wa st
 8  0   3840 1832964   1076 5448344    0    0     0     1    0    0  0  0 99  0  0
 1  0   3840 1810824   1076 5448368    0    0     0     0 88914 66830 11 20 69  0  0
 1  0   3840 1809180   1076 5448384    0    0     0     0 68803 75009 11 15 75  0  0
 2  0   3840 1809316   1076 5448384    0    0     0     0 75586 81181 11 16 73  0  0
 2  0   3840 1808792   1076 5448384    0    0     0    93 82770 88777 11 16 73  0  0
 1  0   3840 1808456   1076 5448384    0    0     0     0 78085 83154 10 15 75  0  0
 3  0   3840 1808284   1076 5448384    0    0     0     8 74604 80586 10 15 76  0  0
 0  0   3840 1808960   1076 5448384    0    0     0     0 73164 77873 10 16 74  0  0
 0  0   3840 1809228   1076 5448384    0    0     0     0 74046 79463 11 14 75  0  0
 1  0   3840 1808124   1076 5448384    0    0     0     0 80026 86632 10 15 74  0  0
 1  0   3840 1807788   1076 5448384    0    0     0     0 80894 87073 10 14 76  0  0
 1  0   3840 1808020   1076 5448388    0    0     0     4 76707 82653 10 15 75  0  0
 1  0   3840 1807968   1076 5448388    0    0     0     0 75319 80671 10 15 75  0  0
 0  0   3840 1808532   1076 5448388    0    0     0     0 75671 82564 10 15 75  0  0
 1  0   3840 1808080   1076 5448396    0    0     0     0 78771 86955  9 14 77  0  0
 0  0   3840 1808276   1076 5448400    0    0     0     0 78577 84172 11 15 74  0  0
 0  0   3840 1807504   1076 5448400    0    0     0     0 76193 84361  9 14 77  0  0
 2  0   3840 1808060   1076 5448400    0    0     0     0 72141 80315 10 16 74  0  0
 2  0   3840 1807600   1076 5448400    0    0     0     0 74720 82615 10 15 75  0  0
 0  0   3840 1807676   1076 5448400    0    0     0     0 76452 84493 10 14 76  0  0
 0  0   3840 1807504   1076 5448400    0    0     0     0 79883 88204  9 15 76  0  0
procs -----------memory---------- ---swap-- -----io---- -system-- ------cpu-----
 r  b   swpd   free   buff  cache   si   so    bi    bo   in   cs us sy id wa st
 0  0   3840 1808256   1076 5448404    0    0     0     0 80402 88648 10 14 76  0  0
 0  0   3840 1807964   1076 5448408    0    0     0     0 73173 80657 10 15 75  0  0
 0  0   3840 1807620   1076 5448408    0    0     0     0 73926 80829  9 14 77  0  0
 2  0   3840 1807620   1076 5448408    0    0     0     0 77672 82791 10 15 75  0  0
 1  0   3840 1807896   1076 5448408    0    0     0     0 79763 86985 10 16 74  0  0
 1  0   3840 1807340   1076 5448408    0    0     0    36 74432 81951 11 15 74  0  0
 2  0   3840 1806912   1076 5448412    0    0     0     0 74744 81167 11 16 73  0  0
 0  0   3840 1807888   1076 5448416    0    0     0     0 75771 82411 10 15 75  0  0
 0  0   3840 1807204   1076 5448420    0    0     0     0 80139 86985 10 15 75  0  0
 0  0   3840 1807524   1076 5448420    0    0     0     0 80287 85820 10 15 75  0  0
 1  0   3840 1807736   1076 5448420    0    0     0    44 77119 83699 10 15 76  0  0
 1  0   3840 1807624   1076 5448424    0    0     0     0 75528 83003 11 16 73  0  0
 0  0   3840 1783248   1076 5448424    0    0     0     4 62412 68468 11 15 74  0  0
 0  0   3840 1782952   1076 5448424    0    0     0   157 69406 75377 10 15 75  0  0
 1  0   3840 1783536   1076 5448424    0    0     0     2 78805 84410 10 15 75  0  0
 0  0   3840 1783180   1076 5448424    0    0     0     0 77512 84556 11 15 74  0  0
 0  0   3840 1782776   1076 5448424    0    0     0    40 73125 79027 10 15 74  0  0
 1  0   3840 1783232   1076 5448424    0    0     0     0 73939 81332 10 14 75  0  0
 2  0   3840 1782732   1076 5448428    0    0     0     0 80652 86447 10 14 76  0  0
 1  0   3840 1783808   1076 5448432    0    0     0     0 78937 85061  9 15 76  0  0
 1  0   3840 1783260   1076 5448440    0    0     0     0 79922 86682 10 15 75  0  0
procs -----------memory---------- ---swap-- -----io---- -system-- ------cpu-----
 r  b   swpd   free   buff  cache   si   so    bi    bo   in   cs us sy id wa st
 0  0   3840 1782760   1076 5448444    0    0     0     0 74965 82573 10 16 74  0  0
 1  0   3840 1783232   1076 5448452    0    0     0     0 81097 87139 10 15 75  0  0
 1  0   3840 1783528   1076 5448456    0    0     0     0 75173 81112 10 15 75  0  0
 1  0   3840 1782436   1076 5448456    0    0     0     0 78344 83305 10 14 75  0  0
 1  0   3840 1782992   1076 5448456    0    0     0     0 74976 80408 10 15 75  0  0
 5  0   3840 1782780   1076 5448456    0    0     0     0 79696 85504 10 16 74  0  0
 1  0   3840 1782696   1076 5448456    0    0     0     0 69502 75251 10 15 75  0  0
 0  0   3840 1782616   1076 5448456    0    0     0     0 79934 85878 10 16 74  0  0
 1  0   3840 1782752   1076 5448456    0    0     0     0 78775 84180 11 14 75  0  0
 2  0   3840 1783900   1076 5448460    0    0     0     0 81027 88497 10 15 75  0  0
 3  0   3840 1807444   1076 5448460    0    0     0   280 60177 68580 17 16 67  0  0
 4  0   3840 1807240   1076 5448468    0    0     0     0 75829 83319 10 15 76  0  0
 1  0   3840 1807520   1076 5448472    0    0     0     0 81417 87735 10 15 74  0  0
 0  0   3840 1807716   1076 5448472    0    0     0     0 82165 88485 10 15 75  0  0
 1  0   3840 1806632   1076 5448472    0    0     0     0 71964 78163 10 15 74  0  0
 0  0   3840 1806996   1076 5448472    0    0     0     0 72619 78475 11 16 73  0  0
 4  0   3840 1806648   1076 5448476    0    0     0     0 77123 83026 11 15 74  0  0
 0  0   3840 1807636   1076 5448476    0    0     0     0 78143 84267 10 14 76  0  0
 1  0   3840 1806540   1076 5448476    0    0     0     0 79211 85093 10 15 75  0  0
 3  0   3840 1806912   1076 5448480    0    0     0     0 79775 86598 10 14 75  0  0
 0  0   3840 1807512   1076 5448480    0    0     0   144 78964 86849 10 14 76  0  0
procs -----------memory---------- ---swap-- -----io---- -system-- ------cpu-----
 r  b   swpd   free   buff  cache   si   so    bi    bo   in   cs us sy id wa st
 0  0   3840 1807572   1076 5448484    0    0     0     0 74402 80074 10 15 74  0  0
 0  0   3840 1806808   1076 5448488    0    0     0     0 79443 86468  9 15 76  0  0
 1  0   3840 1807096   1076 5448488    0    0     0    62 68653 75177  9 14 78  0  0
 2  0   3840 1807048   1076 5448492    0    0     0     0 74952 81558 10 15 75  0  0
 1  0   3840 1806876   1076 5448492    0    0     0     0 76265 82069 10 16 74  0  0
 0  0   3840 1807620   1076 5448492    0    0     0    52 75943 81901  9 15 76  0  0
 1  0   3840 1807344   1076 5448492    0    0     0     0 79602 85325  9 14 77  0  0
 0  0   3840 1807128   1076 5448492    0    0     0     0 80407 85445  9 15 76  0  0
 0  0   3840 1807488   1076 5448492    0    0     0     0 76982 83616 10 15 75  0  0
 2  0   3840 1806736   1076 5448492    0    0     0     0 76419 82264 10 15 75  0  0
 1  0   3840 1807584   1076 5448492    0    0     0     0 74838 81238 11 15 74  0  0
 1  0   3840 1807096   1076 5448500    0    0     0    44 81804 88307 10 15 74  0  0
 0  0   3840 1807084   1076 5448500    0    0     0     0 77668 83340 10 15 74  0  0
 1  0   3840 1807424   1076 5448500    0    0     0     0 76290 82406  9 16 75  0  0
 1  0   3840 1807904   1076 5448504    0    0     0     0 81958 87767  9 15 76  0  0
 0  0   3840 1806992   1076 5448504    0    0     0     0 76398 82436 10 15 75  0  0
 0  0   3840 1807412   1076 5448508    0    0     0     0 81265 87338 10 15 75  0  0
 0  0   3840 1807692   1076 5448508    0    0     0     0 80986 86702 10 14 75  0  0
 0  0   3840 1807740   1076 5448512    0    0     0     0 76880 82387  9 15 75  0  0
 0  0   3840 1807164   1076 5448516    0    0     0     0 73827 80375 10 15 74  0  0
 1  0   3840 1807360   1076 5448516    0    0     0     0 78189 83579 11 15 74  0  0
procs -----------memory---------- ---swap-- -----io---- -system-- ------cpu-----
 r  b   swpd   free   buff  cache   si   so    bi    bo   in   cs us sy id wa st
 0  0   3840 1807188   1076 5448520    0    0     0     0 81177 87136 10 15 75  0  0
 0  0   3840 1807264   1076 5448520    0    0     0     0 81312 87065  9 16 75  0  0
 1  0   3840 1807508   1076 5448524    0    0     0     0 78885 84169 11 15 75  0  0
 1  0   3840 1807256   1076 5448528    0    0     0     0 68746 74192 10 15 76  0  0
 1  0   3840 1807364   1076 5448532    0    0     0     0 79576 85273 10 15 75  0  0
 0  0   3840 1807556   1076 5448532    0    0     0     0 77513 83366 11 14 75  0  0
 0  0   3840 1807192   1076 5448532    0    0     0     0 80932 86742 11 15 74  0  0
 2  0   3840 1806780   1076 5448540    0    0     0     0 83439 88465 10 15 75  0  0
 0  0   3840 1806988   1076 5448544    0    0     0     0 71935 77097 11 16 73  0  0
 1  0   3840 1806948   1076 5448544    0    0     0     0 73641 80127 11 15 73  0  0
 0  0   3840 1782260   1076 5448548    0    0     0     4 72688 78359 12 15 72  0  0
 0  0   3840 1782316   1076 5448552    0    0     0   111 78340 83421 11 15 74  0  0
 2  0   3840 1781856   1076 5448552    0    0     0     0 69777 75344  9 13 78  0  0
 1  0   3840 1782972   1076 5448552    0    0     0     0 70287 75352 11 15 74  0  0
 2  0   3840 1782568   1076 5448552    0    0     0     0 70673 75474 10 15 75  0  0
 0  0   3840 1782252   1076 5448552    0    0     0     0 80379 86557 10 16 74  0  0
 0  0   3840 1782352   1076 5448552    0    0     0     0 79946 85709 10 15 74  0  0
 5  0   3840 1782964   1076 5448556    0    0     0     0 78142 83763 10 15 75  0  0
 0  0   3840 1782072   1076 5448556    0    0     0     0 77176 82511 10 15 74  0  0
 1  0   3840 1782404   1076 5448560    0    0     0     0 78003 83692 10 16 74  0  0
 5  0   3840 1782284   1076 5448564    0    0     0     0 78645 84215 10 14 76  0  0
procs -----------memory---------- ---swap-- -----io---- -system-- ------cpu-----
 r  b   swpd   free   buff  cache   si   so    bi    bo   in   cs us sy id wa st
 1  0   3840 1782208   1076 5448572    0    0     0    92 83249 88481  9 15 76  0  0
 1  0   3840 1782144   1076 5448572    0    0     0     0 74226 81193 11 15 75  0  0
 2  0   3840 1782284   1076 5448572    0    0     0     0 73283 78791  9 14 77  0  0
 0  0   3840 1782168   1076 5448572    0    0     0     0 78067 83341 11 15 75  0  0
 1  0   3840 1782352   1076 5448572    0    0     0     0 77831 82948 10 15 76  0  0
 1  0   3840 1782464   1076 5448572    0    0     0     0 84376 89861  9 15 77  0  0
 0  0   3840 1782336   1076 5448572    0    0     0     0 74999 81265 11 16 73  0  0
 2  0   3840 1806012   1076 5448576    0    0     0   280 60895 69382 17 18 65  0  0
 3  0   3840 1806504   1076 5448572    0    0     0     0 77483 84360 11 14 75  0  0
 1  0   3840 1806812   1076 5448572    0    0     0     0 78175 85237 10 15 75  0  0
 0  0   3840 1807836   1076 5448572    0    0     0    16 86160 91668 10 15 75  0  0
 0  0   3840 1806716   1076 5448580    0    0     0     0 71736 77589 11 15 74  0  0
 1  0   3840 1807240   1076 5448580    0    0     0     0 73829 79701 10 15 74  0  0
 1  0   3840 1807360   1076 5448588    0    0     0     0 74462 82190 11 14 75  0  0
 0  0   3840 1806824   1076 5448588    0    0     0     0 79261 86491 10 15 74  0  0
 1  0   3840 1807420   1076 5448588    0    0     0     0 78863 83959 10 15 75  0  0
 0  0   3840 1806948   1076 5448592    0    0     0     0 83413 89409 10 16 75  0  0
 0  0   3840 1806040   1076 5448596    0    0     0     0 74542 81889  9 15 76  0  0
 2  0   3840 1806624   1076 5448596    0    0     0     0 72151 77212 12 14 74  0  0
 0  0   3840 1807148   1076 5448596    0    0     0     0 80031 85864 10 15 76  0  0
 0  0   3840 1806736   1076 5448596    0    0     0   119 79782 85826 10 14 76  0  0
procs -----------memory---------- ---swap-- -----io---- -system-- ------cpu-----
 r  b   swpd   free   buff  cache   si   so    bi    bo   in   cs us sy id wa st
 0  0   3840 1806304   1076 5448596    0    0     0    16 77762 83332 10 15 75  0  0
 1  0   3840 1806200   1076 5448600    0    0     0     0 68434 73680  9 14 77  0  0
 3  0   3840 1806804   1076 5448600    0    0     0     0 77070 82785 10 15 75  0  0
 0  0   3840 1806280   1076 5448604    0    0     0     0 72507 77810 10 15 75  0  0
 5  0   3840 1806432   1076 5448608    0    0     0     0 74803 80966 10 15 74  0  0
 6  0   3840 1806936   1076 5448616    0    0     0     4 77510 84473 10 15 76  0  0
 5  0   3840 1805980   1076 5448620    0    0     0     0 72595 79151 10 16 75  0  0
 1  0   3840 1806692   1076 5448624    0    0     0     0 76706 82678 10 15 75  0  0
 0  0   3840 1806308   1076 5448624    0    0     0     0 80980 86841 11 15 74  0  0
 3  0   3840 1806240   1076 5448624    0    0     0     0 77084 82879 10 14 76  0  0
 0  0   3840 1806320   1076 5448624    0    0     0    84 73122 78768 10 15 75  0  0
 2  0   3840 1806424   1076 5448628    0    0     0     0 73960 79097 10 14 76  0  0
 2  0   3840 1807428   1076 5448628    0    0     0     0 79277 84670 10 15 75  0  0
 1  0   3840 1806604   1076 5448628    0    0     0     0 82661 90431 10 15 75  0  0
 0  0   3840 1806488   1076 5448632    0    0     0     0 84864 92145  9 15 76  0  0
 0  0   3840 1807044   1076 5448636    0    0     0     0 75256 80113 10 14 76  0  0
 1  0   3840 1807216   1076 5448640    0    0     0     0 73588 79512 10 15 74  0  0
 4  0   3840 1807136   1076 5448640    0    0     0     0 78475 84163 11 15 74  0  0
 1  0   3840 1807420   1076 5448640    0    0     0     0 79586 86250  9 14 76  0  0
 0  0   3840 1806716   1076 5448640    0    0     0     0 77999 84774 10 14 76  0  0
 1  0   3840 1807264   1076 5448640    0    0     0    36 76982 82208 10 15 75  0  0
procs -----------memory---------- ---swap-- -----io---- -system-- ------cpu-----
 r  b   swpd   free   buff  cache   si   so    bi    bo   in   cs us sy id wa st
 0  0   3840 1806024   1076 5448644    0    0     0     0 75653 81404 10 14 76  0  0
 0  0   3840 1806544   1076 5448648    0    0     0     0 74352 79822 10 14 76  0  0
 0  0   3840 1806636   1076 5448648    0    0     0     0 79782 87347 10 16 74  0  0
 2  0   3840 1807112   1076 5448648    0    0     0     0 80756 86644 10 15 75  0  0
 0  0   3840 1806532   1076 5448648    0    0     0    16 80215 86859 10 15 75  0  0
 4  0   3840 1807480   1076 5448648    0    0     0     0 73539 80708 11 16 73  0  0
 2  0   3840 1788200   1076 5448648    0    0     0     0 73487 79217 11 15 74  0  0
 3  0   3840 1782228   1076 5448648    0    0     0     4 78582 85458 10 16 74  0  0
 1  0   3840 1782632   1076 5448652    0    0     0   103 77631 84436 10 14 76  0  0
 1  0   3840 1782380   1076 5448656    0    0     0     4 76039 81980 11 15 74  0  0
 0  0   3840 1781684   1076 5448656    0    0     0     0 72110 78703 10 15 75  0  0
 0  0   3840 1782644   1076 5448656    0    0     0     0 71766 76905  8 14 78  0  0
 0  0   3840 1782544   1076 5448660    0    0     0     0 85981 91918  9 14 77  0  0
 0  0   3840 1782440   1076 5448660    0    0     0     0 74594 80593 10 15 76  0  0
 0  0   3840 1782464   1076 5448664    0    0     0     0 73216 78211 10 15 74  0  0
 0  0   3840 1782476   1076 5448668    0    0     0     0 72385 76498 10 14 76  0  0
 1  0   3840 1782288   1076 5448672    0    0     0     0 73151 77519 11 16 73  0  0
 1  0   3840 1782476   1076 5448672    0    0     0     0 80404 84604 10 15 76  0  0
 0  0   3840 1782012   1076 5448672    0    0     0     0 83509 88641 10 15 75  0  0
 0  0   3840 1781980   1076 5448672    0    0     0     0 73927 78351 11 15 74  0  0
 1  0   3840 1782468   1076 5448676    0    0     0    76 72612 77628 10 15 75  0  0
procs -----------memory---------- ---swap-- -----io---- -system-- ------cpu-----
 r  b   swpd   free   buff  cache   si   so    bi    bo   in   cs us sy id wa st
 1  0   3840 1782676   1076 5448680    0    0     0     0 78691 82765 10 16 74  0  0
 0  0   3840 1782604   1076 5448684    0    0     0     0 80048 85138  9 15 76  0  0
 3  0   3840 1782268   1076 5448688    0    0     0     0 79127 84486 10 15 75  0  0
 0  0   3840 1782296   1076 5448688    0    0     0     0 79156 84469 10 15 75  0  0
 4  0   3840 1807016   1076 5448688    0    0     0   280 63181 70622 16 18 66  0  0
 1  0   3840 1806972   1076 5448692    0    0     0     0 77443 82034 11 15 74  0  0
 0  0   3840 1807496   1076 5448692    0    0     0     0 81046 85521 10 15 76  0  0
 2  0   3840 1806476   1076 5448692    0    0     0     0 80510 86253 10 16 75  0  0
 0  0   3840 1807108   1076 5448696    0    0     0     0 78770 84574 10 15 75  0  0
 0  0   3840 1807000   1076 5448700    0    0     0     0 75048 80699 10 15 74  0  0
 1  0   3840 1806720   1076 5448700    0    0     0     0 76819 81328  9 15 76  0  0
 0  0   3840 1806992   1076 5448700    0    0     0     0 82047 86985 10 15 75  0  0
 2  0   3840 1806508   1076 5448704    0    0     0     0 78215 82600 10 15 75  0  0
 0  0   3840 1806784   1076 5448708    0    0     0     0 80492 84490  9 16 75  0  0
 1  0   3840 1806920   1076 5448712    0    0     0     0 75474 79670 10 15 75  0  0
 1  0   3840 1805784   1076 5448712    0    0     0     0 78308 83577 10 15 75  0  0
 0  0   3840 1806448   1076 5448712    0    0     0     0 76877 80751 10 14 76  0  0
 2  0   3840 1806980   1076 5448712    0    0     0   120 78705 84352  9 15 76  0  0
 0  0   3840 1806592   1076 5448712    0    0     0     2 83270 88937  9 15 76  0  0
 0  0   3840 1806792   1076 5448716    0    0     0     8 71099 76086  9 16 75  0  0
 0  0   3840 1806748   1076 5448716    0    0     0     0 80566 85847 10 16 74  0  0
procs -----------memory---------- ---swap-- -----io---- -system-- ------cpu-----
 r  b   swpd   free   buff  cache   si   so    bi    bo   in   cs us sy id wa st
 0  0   3840 1807204   1076 5448720    0    0     0     0 81339 85155 10 15 75  0  0
 0  0   3840 1806992   1076 5448720    0    0     0     0 74624 79379  9 15 76  0  0
 1  0   3840 1806924   1076 5448724    0    0     0     0 77493 81833 10 14 76  0  0
 1  0   3840 1807408   1076 5448724    0    0     0    24 76535 81236 10 15 75  0  0
 1  0   3840 1806748   1076 5448732    0    0     0     0 75269 79730  9 15 76  0  0
 0  0   3840 1806984   1076 5448736    0    0     0     0 73527 78615  9 14 77  0  0
 2  0   3840 1806900   1076 5448736    0    0     0     0 81464 86629  9 15 76  0  0
 0  0   3840 1806132   1076 5448736    0    0     0     0 75977 80650 10 15 75  0  0
 0  0   3840 1807172   1076 5448736    0    0     0     0 74546 78841 10 14 75  0  0
 1  0   3840 1806936   1076 5448736    0    0     0     0 79307 83908  9 15 76  0  0
 2  0   3840 1806888   1076 5448736    0    0     0     0 80500 84530 10 15 75  0  0
 1  0   3840 1807052   1076 5448740    0    0     0     0 86765 91095 10 15 75  0  0
 0  0   3840 1806732   1076 5448744    0    0     0     0 75403 79965 11 15 74  0  0
 0  0   3840 1807128   1076 5448744    0    0     0   128 71823 77112  9 16 76  0  0
 0  0   3840 1806776   1076 5448748    0    0     0     0 76579 81637 10 15 75  0  0
 0  0   3840 1807516   1076 5448748    0    0     0     0 82559 87112 10 15 74  0  0
 1  0   3840 1807180   1076 5448748    0    0     0     0 81244 86042 10 16 75  0  0
 0  0   3840 1807100   1076 5448752    0    0     0     0 72781 77476 10 16 75  0  0
 1  0   3840 1806916   1076 5448756    0    0     0     0 68372 73265 10 16 73  0  0
 1  0   3840 1806872   1076 5448760    0    0     0     0 74621 80050  9 16 75  0  0
 0  0   3840 1806880   1076 5448760    0    0     0     0 75446 81434 10 16 74  0  0
procs -----------memory---------- ---swap-- -----io---- -system-- ------cpu-----
 r  b   swpd   free   buff  cache   si   so    bi    bo   in   cs us sy id wa st
 1  0   3840 1807220   1076 5448768    0    0     0     0 78027 82833 10 15 76  0  0
 0  0   3840 1806888   1076 5448768    0    0     0     0 81352 85977 10 15 75  0  0
 2  0   3840 1807036   1076 5448768    0    0     0     0 72261 75840  9 15 76  0  0
 0  0   3840 1807864   1076 5448768    0    0     0     0 72330 77066  9 15 76  0  0
 0  0   3840 1782360   1076 5448768    0    0     0     4 73056 79341 12 16 73  0  0
 2  0   3840 1782104   1076 5448768    0    0     0     0 81487 85917 11 15 73  0  0
 0  0   3840 1782880   1076 5448772    0    0     0    99 76674 81360 10 15 75  0  0
 2  0   3840 1782636   1076 5448772    0    0     0     0 72212 76598 10 16 74  0  0
 1  0   3840 1782020   1076 5448776    0    0     0     4 76804 81045 10 15 75  0  0
 1  0   3840 1782972   1076 5448780    0    0     0     0 79832 83945 10 16 74  0  0
 0  0   3840 1783004   1076 5448780    0    0     0     0 81643 86083 10 15 75  0  0
 1  0   3840 1782564   1076 5448788    0    0     0     0 68603 72259  9 14 77  0  0
 1  0   3840 1782864   1076 5448788    0    0     0     0 76523 81674 10 15 74  0  0
 2  0   3840 1783552   1076 5448792    0    0     0     0 75426 79859 10 15 75  0  0
 2  0   3840 1782396   1076 5448792    0    0     0     0 82039 88157 11 15 74  0  0
 0  0   3840 1782368   1076 5448792    0    0     0     0 74960 80989 10 15 75  0  0
 1  0   3840 1782808   1076 5448792    0    0     0     0 72349 78266 10 15 75  0  0
 2  0   3840 1782316   1076 5448792    0    0     0     0 73558 78708 10 15 75  0  0
 4  0   3840 1782444   1076 5448792    0    0     0     0 86239 91887  9 14 77  0  0
 0  0   3840 1781680   1076 5448792    0    0     0     0 78388 84350 10 16 74  0  0
 0  0   3840 1782020   1076 5448792    0    0     0     0 81373 85899 10 15 76  0  0
procs -----------memory---------- ---swap-- -----io---- -system-- ------cpu-----
 r  b   swpd   free   buff  cache   si   so    bi    bo   in   cs us sy id wa st
 0  0   3840 1782816   1076 5448804    0    0     0     0 79538 84040 10 16 74  0  0
 7  0   3840 1804156   1076 5448808    0    0     0   276 59892 66810 16 15 69  0  0
 1  0   3840 1806444   1076 5448808    0    0     0   108 79051 83342 11 15 74  0  0
 1  0   3840 1807452   1076 5448808    0    0     0     0 85182 89779 10 15 76  0  0
 0  0   3840 1806364   1076 5448808    0    0     0     0 73151 77724 10 16 73  0  0
 0  0   3840 1806592   1076 5448808    0    0     0     0 74176 79806 10 16 74  0  0
 0  0   3840 1806180   1076 5448808    0    0     0     0 72168 76281 10 16 74  0  0
 0  0   3840 1807628   1076 5448812    0    0     0     0 74648 80070 10 15 75  0  0
 0  0   3840 1807080   1076 5448812    0    0     0     0 85157 90528 10 16 74  0  0
 0  0   3840 1806856   1076 5448812    0    0     0     0 78720 83787 10 15 76  0  0
 0  0   3840 1807052   1076 5448812    0    0     0     0 74801 78971 10 15 75  0  0
 1  0   3840 1806236   1076 5448820    0    0     0     0 74542 78315 10 16 74  0  0
 1  0   3840 1806516   1076 5448820    0    0     0   100 79248 84678 10 15 74  0  0
 1  0   3840 1806724   1076 5448828    0    0     0     0 75943 81053  9 14 77  0  0
 1  0   3840 1807448   1076 5448832    0    0     0     0 77364 81892 10 15 75  0  0
 2  0   3840 1807496   1076 5448832    0    0     0    61 73179 78230 10 15 75  0  0
 1  0   3840 1806804   1076 5448832    0    0     0     0 73322 78394 10 15 75  0  0
 1  0   3840 1807316   1076 5448832    0    0     0     0 81511 85892 10 16 75  0  0
 1  0   3840 1807048   1076 5448832    0    0     0     0 81639 86585 11 15 74  0  0
 1  0   3840 1806844   1076 5448836    0    0     0     0 84829 89744 11 14 75  0  0
 0  0   3840 1807520   1076 5448836    0    0     0     0 78310 82824 10 16 75  0  0
procs -----------memory---------- ---swap-- -----io---- -system-- ------cpu-----
 r  b   swpd   free   buff  cache   si   so    bi    bo   in   cs us sy id wa st
 0  0   3840 1806484   1076 5448840    0    0     0     0 69605 74345 10 14 76  0  0
 0  0   3840 1807284   1076 5448840    0    0     0     0 75294 79528 10 15 75  0  0
 0  0   3840 1807164   1076 5448844    0    0     0     0 78885 83783 10 15 74  0  0
 0  0   3840 1807436   1076 5448844    0    0     0     0 82250 87158 10 16 74  0  0
 0  0   3840 1806616   1076 5448844    0    0     0     0 77003 82539 10 15 75  0  0
 0  0   3840 1806672   1076 5448848    0    0     0     0 70577 76457 11 15 74  0  0
 1  0   3840 1806676   1076 5448852    0    0     0     0 75485 80737 11 16 73  0  0
 0  0   3840 1807000   1076 5448852    0    0     0     0 80013 84488 10 15 74  0  0
 1  0   3840 1806932   1076 5448856    0    0     0     0 79987 84684  9 15 76  0  0
 0  0   3840 1806780   1076 5448856    0    0     0     0 84688 88976  9 15 76  0  0
 1  0   3840 1806568   1076 5448856    0    0     0     0 72071 77428 10 15 74  0  0
 0  0   3840 1806784   1076 5448860    0    0     0     0 78923 84504  9 15 75  0  0
 0  0   3840 1807040   1076 5448860    0    0     0     0 79708 84359 10 16 75  0  0
 0  0   3840 1806792   1076 5448864    0    0     0     0 78090 82951 11 15 74  0  0
 1  0   3840 1806544   1076 5448864    0    0     0     0 78660 83004 10 15 76  0  0
 2  0   3840 1806812   1076 5448864    0    0     0     0 73798 78287  9 15 75  0  0
 1  0   3840 1806788   1076 5448864    0    0     0     0 79908 84282 10 15 75  0  0
 1  0   3840 1806768   1076 5448868    0    0     0     0 81534 86716 10 15 75  0  0
 1  0   3840 1806580   1076 5448876    0    0     0     0 81865 87721 10 15 75  0  0
 1  0   3840 1807196   1076 5448880    0    0     0     0 78955 84406 10 15 75  0  0
 2  0   3840 1805692   1076 5448880    0    0     0     0 78296 83112 11 15 74  0  0
procs -----------memory---------- ---swap-- -----io---- -system-- ------cpu-----
 r  b   swpd   free   buff  cache   si   so    bi    bo   in   cs us sy id wa st
 4  0   3840 1805452   1076 5448884    0    0     0     0 73211 78276 10 17 73  0  0
 3  0   3840 1782416   1076 5448884    0    0     0    92 73985 79375 12 16 72  0  0
 0  0   3840 1782720   1076 5448884    0    0     0     0 82084 87144 10 15 75  0  0
 0  0   3840 1781820   1076 5448884    0    0     0   101 74949 79599 10 15 75  0  0
 1  0   3840 1782504   1076 5448884    0    0     0     0 72316 75587 10 14 76  0  0
 1  0   3840 1782592   1076 5448884    0    0     0     0 76272 80415 10 15 75  0  0
 1  0   3840 1782272   1076 5448884    0    0     0     8 81332 86968 10 15 75  0  0
 3  0   3840 1781556   1076 5448884    0    0     0     0 80317 84846 11 15 75  0  0
 1  0   3840 1781972   1076 5448884    0    0     0     0 80522 85316  9 16 75  0  0
 1  0   3840 1781280   1076 5448884    0    0     0     0 73980 78837 10 15 75  0  0
 2  0   3840 1782128   1076 5448892    0    0     0     0 74109 77873  9 13 77  0  0
 1  0   3840 1781880   1076 5448908    0    0     0    68 77947 81847 10 15 75  0  0
 0  0   3840 1782068   1076 5448908    0    0     0     0 78775 83314 10 15 75  0  0
 0  0   3840 1782476   1076 5448908    0    0     0     0 77023 81558 10 16 74  0  0
 1  0   3840 1782076   1076 5448908    0    0     0     0 72996 76929 10 15 75  0  0
 1  0   3840 1782100   1076 5448908    0    0     0     0 75813 79919 11 15 74  0  0
 0  0   3840 1782900   1076 5448908    0    0     0     0 78536 82794 11 15 74  0  0
 0  0   3840 1782156   1076 5448908    0    0     0     0 75586 81336 11 15 74  0  0
 0  0   3840 1782272   1076 5448908    0    0     0     0 81297 87060 10 15 75  0  0
 1  0   3840 1806332   1076 5448908    0    0     0   280 60066 67133 16 16 67  0  0
 4  0   3840 1806176   1076 5448908    0    0     0     0 80285 84675 10 14 76  0  0
procs -----------memory---------- ---swap-- -----io---- -system-- ------cpu-----
 r  b   swpd   free   buff  cache   si   so    bi    bo   in   cs us sy id wa st
 1  0   3840 1806384   1076 5448912    0    0     0     0 76372 81818  9 15 76  0  0
 0  0   3840 1806912   1076 5448912    0    0     0     0 78477 83990  9 14 77  0  0
 2  0   3840 1806692   1076 5448916    0    0     0     0 77218 81915 10 16 74  0  0
 0  0   3840 1806120   1076 5448920    0    0     0     0 72885 77565 10 16 74  0  0
 1  0   3840 1806540   1076 5448920    0    0     0     0 74990 78798 10 15 75  0  0
 0  0   3840 1806776   1076 5448924    0    0     0     0 79955 85714 10 15 75  0  0
 5  0   3840 1806620   1076 5448924    0    0     0     0 78439 83494  9 14 77  0  0
 0  0   3840 1828444   1076 5448928    0    0     0     0  522  425  0  0 100  0  0
 0  0   3840 1828440   1076 5448928    0    0     0     0  371  392  0  0 100  0  0
 0  0   3840 1828440   1076 5448932    0    0     0     0  419  433  0  0 100  0  0
 0  0   3840 1828228   1076 5448932    0    0     0     0  454  434  0  0 99  0  0
