procs -----------memory---------- ---swap-- -----io---- -system-- ------cpu-----
 r  b   swpd   free   buff  cache   si   so    bi    bo   in   cs us sy id wa st
12  1      0 155292     20 12717100    0    0 11623 23452   78   58 17  7 71  4  0
42  7      0 170872     20 12705340    0    0 189216 191954 75419 62665 67 30  1  2  0
27 10      0 159832     20 12717036    0    0 222560 214873 72474 67500 69 28  0  4  0
42 11      0 168032     20 12707680    0    0 232604 124233 75340 72688 69 30  0  2  0
31 11      0 156152     20 12719856    0    0 219968 327561 77722 74792 67 29  0  3  0
34  9      0 165432     20 12709544    0    0 208992 288814 73726 72316 66 29  1  4  0
31 10      0 153820     20 12720680    0    0 189056 254097 72052 69451 69 29  1  2  0
36  6      0 164904     20 12710340    0    0 207008 335967 75117 72316 66 28  1  5  0
34  4      0 152712     20 12722360    0    0 203824 204131 76433 70790 68 29  1  3  0
13  4      0 162168     20 12713152    0    0 205216 285654 79537 73766 68 29  0  2  0
21 16      0 150208     20 12725012    0    0 213440 277314 77070 72997 66 30  1  4  0
38  8      0 161160     20 12714412    0    0 201568 311329 78344 73649 67 30  0  2  0
30 17      0 169392     20 12704272    0    0 213296 330662 76801 74276 67 30  0  3  0
40 14      0 159140     20 12716248    0    0 227488 336793 80075 77226 68 29  1  3  0
36 11      0 167592     20 12706460    0    0 217136 321761 77624 74862 68 30  0  2  0
45  7      0 156304     20 12718552    0    0 221568 324531 76076 74673 68 29  1  2  0
15 11      0 166676     20 12707924    0    0 187392 296831 75463 71578 68 31  0  1  0
29  4      0 155684     20 12719392    0    0 195024 338699 76087 73384 68 29  1  3  0
39  7      0 166588     20 12708612    0    0 203488 328414 76821 74404 68 30  0  3  0
39  9      0 154856     20 12719300    0    0 216288 321887 76548 77217 66 30  1  3  0
33  4      0 163868     20 12710640    0    0 210640 367330 76419 77830 67 30  0  3  0
procs -----------memory---------- ---swap-- -----io---- -system-- ------cpu-----
 r  b   swpd   free   buff  cache   si   so    bi    bo   in   cs us sy id wa st
 1  5      0 152680     20 12721604    0    0 190640 284444 75450 70641 68 30  0  2  0
37 14      0 163368     20 12711444    0    0 208736 314637 78169 72959 66 30  1  3  0
21 10      0 151620     20 12723380    0    0 197264 324601 79861 74471 69 30  0  2  0
16  0      0 160212     20 12714008    0    0 201216 305138 78120 76304 69 30  0  2  0
42  4      0 169860     20 12704248    0    0 184368 306966 74517 72170 69 29  0  2  0
32  8      0 158444     20 12715680    0    0 177200 253940 72032 70679 70 29  0  2  0
36  7      0 167736     20 12705896    0    0 196192 339803 78823 74024 68 30  0  2  0
45  3      0 156432     20 12717596    0    0 201776 387272 78641 76053 68 29  0  3  0
24 11      0 166072     20 12708724    0    0 190336 301832 81080 75497 68 29  1  2  0
34 10      0 153252     20 12720928    0    0 179808 319474 73887 71355 67 30  1  3  0
30  7      0 163680     20 12711284    0    0 178384 264852 74780 70371 69 29  1  2  0
22  8      0 153664     20 12721172    0    0 174784 409067 118893 65371 65 34  0  2  0
43 13      0 163484     20 12710680    0    0 161840 343977 99999 65349 65 31  1  3  0
43  4      0 153420     20 12722356    0    0 195312 368523 79889 75478 67 31  0  2  0
27 14      0 161348     20 12713088    0    0 171936 317450 73034 71829 69 29  0  2  0
35  9      0 150828     20 12724096    0    0 170096 293129 70593 67876 69 30  0  2  0
32 10      0 160372     20 12714404    0    0 169296 309308 70809 70477 68 29  1  3  0
40 11      0 168404     20 12705216    0    0 198368 332408 77666 75881 68 29  1  2  0
36 12      0 157128     20 12718024    0    0 180688 385568 77835 75135 68 28  1  3  0
41 13      0 165308     20 12708864    0    0 187280 264143 79079 75734 70 29  0  2  0
39 11      0 154736     20 12720360    0    0 173376 322439 75686 70997 69 28  1  3  0
procs -----------memory---------- ---swap-- -----io---- -system-- ------cpu-----
 r  b   swpd   free   buff  cache   si   so    bi    bo   in   cs us sy id wa st
29  5      0 163296     20 12711664    0    0 178080 347611 79014 75037 68 29  1  2  0
46  2      0 151964     20 12723348    0    0 184192 321491 77833 73620 68 30  0  2  0
47  5      0 160652     20 12714096    0    0 184512 338057 78418 75576 69 29  0  2  0
29  9      0 169316     20 12704476    0    0 180560 349366 71151 69931 69 28  1  2  0
42  9      0 158980     20 12715988    0    0 183328 306899 76487 74293 68 30  0  2  0
45 10      0 168488     20 12705084    0    0 164304 317419 72021 68204 67 30  1  3  0
41  8      0 156712     20 12717264    0    0 178448 295787 80513 74377 68 31  0  2  0
40  9      0 166348     20 12707976    0    0 189840 321224 81252 75266 68 31  0  2  0
46  6      0 154040     20 12720640    0    0 175312 274567 79364 74714 69 29  0  1  0
42  9      0 163840     20 12710900    0    0 168448 357454 75184 69982 68 29  1  2  0
48  4      0 152240     20 12722328    0    0 172160 337542 73928 72318 68 28  1  3  0
42 10      0 161408     20 12713136    0    0 183232 317957 78187 73745 67 29  1  3  0
28  5      0 168964     20 12704548    0    0 196928 396734 82280 78783 68 29  1  3  0
43  5      0 158728     20 12715652    0    0 182128 282612 73917 68408 68 29  1  2  0
41 11      0 167772     20 12705676    0    0 163456 317024 77852 69555 68 30  0  2  0
33 14      0 156992     20 12717148    0    0 184416 263755 80533 73472 67 32  0  1  0
41 11      0 167152     20 12707788    0    0 183264 382334 78433 74959 67 30  1  3  0
19 12      0 154600     20 12719528    0    0 193600 319910 76690 75311 66 29  1  3  0
23 11      0 163828     20 12710536    0    0 191360 291551 75061 74051 69 29  0  2  0
27  8      0 167616     20 12705780    0    0 188808 373973 81188 75724 67 30  0  3  0
40  5      0 157244     20 12717000    0    0 170176 305839 74387 69362 68 31  0  1  0
procs -----------memory---------- ---swap-- -----io---- -system-- ------cpu-----
 r  b   swpd   free   buff  cache   si   so    bi    bo   in   cs us sy id wa st
42  8      0 166636     20 12707448    0    0 183744 309297 77012 74906 68 31  0  2  0
32  9      0 156964     20 12717924    0    0 174720 482796 163737 67005 63 34  0  2  0
40  4      0 167268     20 12707412    0    0 165200 329278 78647 70233 68 30  1  2  0
44  7      0 156376     20 12718740    0    0 169904 269236 79398 70744 68 30  0  1  0
39 10      0 166196     20 12708480    0    0 178208 323624 79420 72425 68 30  0  2  0
38 10      0 153564     20 12720504    0    0 187232 332049 81067 74300 68 30  0  2  0
32  6      0 163580     20 12710612    0    0 191376 430744 79751 75873 66 31  0  3  0
46  7      0 151136     20 12722424    0    0 169408 263208 73366 69919 68 29  1  2  0
42  4      0 161276     20 12712628    0    0 169344 295297 74454 72556 68 30  0  2  0
40  8      0 150292     20 12724544    0    0 170576 319130 75911 70998 70 29  0  2  0
11  4      0 159620     20 12715448    0    0 187968 323081 82040 77886 68 30  1  2  0
39  9      0 168244     20 12705384    0    0 193264 371940 78069 75004 67 30  0  2  0
46  5      0 156392     20 12717428    0    0 169456 327557 74348 71378 67 30  1  3  0
15  5      0 166384     20 12707696    0    0 188976 330170 78508 74377 68 30  0  2  0
39  9      0 155584     20 12718688    0    0 164992 282213 77005 70749 69 30  0  1  0
26 14      0 164424     20 12709276    0    0 181200 355561 74979 74872 68 30  0  2  0
38 11      0 152900     20 12721556    0    0 192000 385801 76747 75251 68 29  1  3  0
35 15      0 161848     20 12712304    0    0 185296 314359 73090 72967 67 29  1  3  0
38 11      0 150792     20 12723824    0    0 188192 304792 75056 70793 68 28  1  3  0
13  5      0 161292     20 12714052    0    0 170016 314632 78061 73296 67 30  0  3  0
52  3      0 168456     20 12704696    0    0 189616 335548 76872 74925 67 29  0  3  0
procs -----------memory---------- ---swap-- -----io---- -system-- ------cpu-----
 r  b   swpd   free   buff  cache   si   so    bi    bo   in   cs us sy id wa st
11  9      0 157600     20 12717176    0    0 181536 332991 79893 74826 68 30  1  2  0
43 10      0 166032     20 12707744    0    0 177808 292384 79368 73496 69 29  0  1  0
23  1      0 156532     20 12718412    0    0 166448 365834 72950 67406 67 29  1  3  0
41 10      0 164836     20 12708904    0    0 170960 247991 75265 71359 69 29  0  1  0
35  4      0 154044     20 12720972    0    0 180944 457423 72695 73288 67 29  0  4  0
22 12      0 162196     20 12712268    0    0 177680 309021 73597 73252 68 28  1  3  0
42 11      0 169080     20 12703344    0    0 201824 342596 79382 78983 67 29  1  3  0
37  7      0 159296     20 12714900    0    0 169984 318950 72156 70696 68 28  1  3  0
26 10      0 168084     20 12705460    0    0 168224 335577 75400 70331 69 29  1  2  0
20  8      0 157032     20 12717420    0    0 182112 323851 79110 74023 68 30  0  2  0
27 12      0 166068     20 12707876    0    0 177216 373120 77986 73859 67 29  0  4  0
47  9      0 156208     20 12718348    0    0 174624 407996 123056 66948 65 31  1  3  0
41 10      0 166452     20 12707888    0    0 165664 331615 72231 67972 69 29  1  2  0
44  7      0 156528     20 12718444    0    0 160128 332453 73237 66551 68 29  0  2  0
30 11      0 164904     20 12709360    0    0 178112 304950 80708 74825 67 31  0  1  0
25  3      0 152620     20 12721672    0    0 179456 287011 80178 74899 68 30  0  2  0
31 11      0 161912     20 12712468    0    0 179840 324322 76337 73207 68 29  1  3  0
46 10      0 150192     20 12723972    0    0 176512 325600 74892 73979 68 30  0  2  0
37 10      0 159832     20 12714576    0    0 173632 337598 75689 74204 67 30  0  3  0
39  5      0 168016     20 12705380    0    0 187968 401592 74961 76240 66 30  1  3  0
17 13      0 157004     20 12717996    0    0 193152 303393 80420 75648 68 29  0  2  0
procs -----------memory---------- ---swap-- -----io---- -system-- ------cpu-----
 r  b   swpd   free   buff  cache   si   so    bi    bo   in   cs us sy id wa st
18  7      0 166580     20 12708288    0    0 173920 271281 76320 71975 69 30  0  2  0
29 11      0 155496     20 12719400    0    0 178656 385803 74926 71479 67 30  0  3  0
35 14      0 164784     20 12710052    0    0 180128 309059 78963 74494 68 30  0  2  0
34  5      0 152208     20 12721780    0    0 186368 352895 78053 75586 67 31  1  2  0
50  5      0 160808     20 12713000    0    0 191680 381337 82086 78362 66 30  1  4  0
42 10      0 169468     20 12703524    0    0 167648 279669 74157 70154 69 29  0  1  0
54  7      0 158004     20 12715104    0    0 174272 321923 75592 72551 69 29  0  2  0
28 10      0 167204     20 12705364    0    0 185296 321429 75586 73763 69 30  0  2  0
35  9      0 156084     20 12717044    0    0 196704 388732 76825 75860 68 30  0  2  0
57  5      0 163960     20 12709308    0    0 189488 361067 81805 79169 67 30  1  3  0
43  9      0 152744     20 12720500    0    0 166032 306424 70024 68114 67 30  1  3  0
49 10      0 162460     20 12710688    0    0 156960 278738 71880 68563 69 29  0  2  0
38  9      0 151056     20 12721924    0    0 188048 327010 78459 73798 69 30  0  2  0
47  7      0 160728     20 12712596    0    0 188496 344500 80268 76436 70 29  0  1  0
51  6      0 169244     20 12703460    0    0 174832 321173 77278 74262 68 31  0  2  0
48  5      0 156412     20 12716468    0    0 194704 310101 81962 75058 66 30  1  3  0
45 10      0 165580     20 12706236    0    0 179808 358569 76373 70568 67 30  0  2  0
37  7      0 154628     20 12717252    0    0 171804 307004 78535 70832 68 31  0  1  0
24  5      0 165488     20 12707932    0    0 180784 298172 80736 74378 66 32  0  2  0
42 10      0 153128     20 12720052    0    0 181360 358143 79095 74990 69 29  0  2  0
41  8      0 162400     20 12710576    0    0 173472 321509 73217 72169 67 30  1  3  0
procs -----------memory---------- ---swap-- -----io---- -system-- ------cpu-----
 r  b   swpd   free   buff  cache   si   so    bi    bo   in   cs us sy id wa st
36  8      0 151944     20 12720780    0    0 155648 461673 149562 65265 64 33  1  3  0
32  9      0 160860     20 12711252    0    0 183632 307163 76812 72853 66 30  1  3  0
23 11      0 150392     20 12722360    0    0 166064 364598 73434 69833 68 30  0  3  0
35 11      0 159748     20 12712792    0    0 167664 278083 74949 70174 68 30  0  1  0
50  2      0 168068     20 12703632    0    0 176752 346821 72649 71616 68 30  0  2  0
33  6      0 158160     20 12714040    0    0 168960 293065 76509 70511 68 30  0  2  0
40 12      0 167444     20 12704536    0    0 192624 298293 79366 73719 68 31  0  1  0
33  9      0 156352     20 12716572    0    0 197056 350654 83817 78042 68 31  0  2  0
35 10      0 165920     20 12706780    0    0 191536 324005 77253 73865 67 31  0  2  0
39  5      0 155068     20 12717404    0    0 175488 310306 75365 71255 67 31  0  2  0
36  9      0 164892     20 12707264    0    0 167872 329695 74804 68698 68 30  0  2  0
39  7      0 152888     20 12719480    0    0 167296 323991 77629 72508 65 32  0  2  0
38  9      0 161532     20 12710868    0    0 187200 370068 74101 75145 68 31  0  2  0
55  6      0 169036     20 12702596    0    0 192240 283199 79792 77301 67 31  0  2  0
36 12      0 158164     20 12713784    0    0 187024 378770 77010 74633 68 30  0  3  0
44 12      0 167664     20 12703856    0    0 174880 329360 76680 70934 69 29  0  2  0
37 13      0 156508     20 12715712    0    0 177040 354575 81805 73536 68 30  0  3  0
40 10      0 165208     20 12706976    0    0 182048 281410 80384 75028 68 31  0  1  0
40  7      0 153216     20 12718472    0    0 187888 367439 79720 74380 67 30  0  3  0
40  7      0 163280     20 12708936    0    0 168704 307061 76834 71659 68 30  0  2  0
39  8      0 152004     20 12720156    0    0 176608 324741 75130 70771 68 31  0  1  0
procs -----------memory---------- ---swap-- -----io---- -system-- ------cpu-----
 r  b   swpd   free   buff  cache   si   so    bi    bo   in   cs us sy id wa st
15  5      0 150784     20 12722644    0    0 178352 364604 72808 71391 67 29  1  3  0
14 10      0 155396     20 12716548    0    0 180032 290507 79479 74829 68 31  0  2  0
37  7      0 152948     20 12719252    0    0 179952 357029 79507 75876 67 30  0  2  0
24 11      0 150780     20 12722252    0    0 197776 278767 80276 75041 68 30  0  2  0
26  7      0 156676     20 12715364    0    0 162224 363622 77448 70857 67 31  0  2  0
26 15      0 152808     20 12718104    0    0 181616 321040 77300 75241 68 30  0  1  0
22  7      0 150872     20 12721564    0    0 179280 358095 78505 75211 68 30  0  2  0
43  8      0 154904     20 12715324    0    0 172912 298745 75222 72503 67 29  1  3  0
53 10      0 152528     20 12717516    0    0 166336 349262 74633 72231 66 31  0  3  0
35 15      0 150696     20 12719688    0    0 172656 291245 72162 69023 69 29  0  2  0
52  4      0 156692     20 12711620    0    0 153760 479029 144250 66298 63 33  1  3  0
31 16      0 154424     20 12715368    0    0 189632 349764 81029 78485 66 30  0  3  0
46  8      0 152476     20 12717228    0    0 175792 320612 75098 71599 67 31  0  2  0
47  7      0 151012     20 12719112    0    0 166288 278598 75178 69215 69 29  0  2  0
58  2      0 156200     20 12711792    0    0 177232 314615 73552 68624 68 31  0  2  0
29 17      0 154752     20 12714052    0    0 166448 258411 77525 70397 68 30  0  1  0
18 11      0 153436     20 12716784    0    0 209328 360444 81212 77894 67 31  0  2  0
18  9      0 157084     20 12711608    0    0 184752 322673 78602 75405 68 29  0  2  0
42  8      0 155640     20 12713692    0    0 170640 306275 74915 71037 69 30  0  1  0
44  8      0 153368     20 12715312    0    0 171968 304893 74821 69542 67 30  0  3  0
44  7      0 151616     20 12718308    0    0 179216 287983 80388 72426 67 31  0  2  0
procs -----------memory---------- ---swap-- -----io---- -system-- ------cpu-----
 r  b   swpd   free   buff  cache   si   so    bi    bo   in   cs us sy id wa st
40 14      0 156356     20 12711896    0    0 194512 372002 82993 77295 67 31  0  2  0
43  8      0 154820     20 12715248    0    0 184080 335834 80776 74632 67 31  0  2  0
45 11      0 152068     20 12717368    0    0 193936 393316 80465 76001 65 32  0  3  0
40  6      0 157200     20 12710872    0    0 173392 291594 76159 71185 67 31  0  1  0
16 16      0 155792     20 12713316    0    0 178768 349483 76558 73088 66 31  0  2  0
40  2      0 154128     20 12715976    0    0 186192 339647 78906 73599 67 30  1  3  0
20  8      0 151828     20 12718788    0    0 196864 322120 84284 76289 67 32  0  1  0
31  7      0 157008     20 12711808    0    0 174080 292949 78340 72002 66 32  0  2  0
39  5      0 155304     20 12714024    0    0 172464 252719 75384 69935 67 32  0  1  0
46  8      0 153120     20 12716280    0    0 177616 404947 76928 72987 66 31  0  3  0
39  9      0 157472     20 12710760    0    0 193008 295536 81819 76732 67 32  1  1  0
41  7      0 155760     20 12713340    0    0 177232 358139 79699 73617 67 30  1  2  0
25  9      0 153444     20 12715980    0    0 184064 337901 81471 75373 67 31  0  2  0
41  9      0 150984     20 12718748    0    0 171424 292760 76725 70384 68 30  1  2  0
40  9      0 155328     20 12712256    0    0 190816 332416 76889 73715 67 31  0  3  0
22  8      0 154896     20 12714764    0    0 187292 383924 76803 74030 66 32  0  2  0
45 11      0 151884     20 12717456    0    0 192384 355523 76071 72692 68 29  0  3  0
30  7      0 157464     20 12711828    0    0 189248 303795 78076 76432 68 30  0  1  0
45  9      0 155112     20 12713568    0    0 167296 340295 71727 68703 66 30  0  3  0
40  6      0 152576     20 12716916    0    0 173952 274278 77300 73211 67 31  0  2  0
13  1      0 157740     20 12710676    0    0 181168 365665 83299 74963 68 29  0  2  0
procs -----------memory---------- ---swap-- -----io---- -system-- ------cpu-----
 r  b   swpd   free   buff  cache   si   so    bi    bo   in   cs us sy id wa st
31 13      0 155800     20 12712912    0    0 161264 445176 133413 69224 65 32  1  3  0
46  7      0 153736     20 12715128    0    0 183056 365295 79499 74203 68 30  0  2  0
45 15      0 151340     20 12717648    0    0 167424 272331 74550 69312 69 30  0  1  0
27  5      0 150764     20 12719572    0    0 178560 294158 75624 71395 69 30  0  2  0
35  7      0 156844     20 12712508    0    0 176400 352759 75134 70569 68 30  0  3  0
36  6      0 154256     20 12715536    0    0 178112 271042 79074 75626 68 31  0  1  0
36 11      0 152416     20 12717544    0    0 188528 297018 76624 72107 69 29  0  2  0
20 14      0 150364     20 12719756    0    0 174416 343486 76916 70556 68 30  0  2  0
38 11      0 155656     20 12712856    0    0 175824 300836 79186 73496 67 32  0  1  0
33  4      0 153304     20 12715944    0    0 186944 355368 78807 74435 68 30  0  2  0
38  4      0 158176     20 12710836    0    0 201904 379705 82616 80883 68 31  0  2  0
16  3      0 155432     20 12713484    0    0 172960 353673 77200 72939 67 31  0  2  0
32  6      0 154812     20 12714704    0    0 162672 321521 72317 68862 68 29  0  3  0
42  4      0 154136     20 12717060    0    0 174640 366462 72917 71970 67 30  1  3  0
38  5      0 157332     20 12711188    0    0 186480 337843 76058 75061 68 30  0  2  0
38  9      0 154788     20 12714348    0    0 180992 308877 73249 76448 68 29  1  2  0
49  4      0 153024     20 12716352    0    0 164720 351627 72996 69773 67 30  1  3  0
50 11      0 151452     20 12718016    0    0 160928 291764 72903 67191 66 31  0  3  0
21  4      0 157620     20 12711072    0    0 170720 315913 78999 71559 67 30  1  3  0
29 10      0 155544     20 12713292    0    0 185248 325094 79795 73235 67 31  0  2  0
20  5      0 153564     20 12716264    0    0 178096 351914 77988 74450 67 30  0  2  0
procs -----------memory---------- ---swap-- -----io---- -system-- ------cpu-----
 r  b   swpd   free   buff  cache   si   so    bi    bo   in   cs us sy id wa st
22 17      0 150912     20 12719120    0    0 190592 319439 80168 74551 69 30  0  1  0
30 14      0 156680     20 12711972    0    0 186992 388197 74425 71530 66 30  0  3  0
21  7      0 155356     20 12713980    0    0 167280 308628 72624 67237 68 30  0  2  0
37  7      0 153688     20 12716408    0    0 178144 301865 78508 72638 67 30  1  2  0
19  5      0 150884     20 12719464    0    0 176448 304582 79798 74406 68 29  1  3  0
45  3      0 157164     20 12712668    0    0 164320 318371 78368 70596 67 32  0  2  0
46  5      0 155140     20 12714464    0    0 163072 336412 73499 67557 67 29  1  3  0
31  9      0 153788     20 12717084    0    0 175232 281681 76030 70377 69 30  0  1  0
31 11      0 150608     20 12719632    0    0 171136 408290 78649 74327 68 30  0  2  0
47  5      0 155192     20 12714000    0    0 189680 304183 78885 75955 66 30  1  3  0
36  8      0 154760     20 12715436    0    0 160160 521947 157514 64210 64 34  0  2  0
33 10      0 151804     20 12717928    0    0 170912 218950 71169 70212 68 29  1  3  0
53  4      0 158832     20 12711284    0    0 174064 315637 76712 73618 69 29  1  2  0
22  9      0 154376     20 12714664    0    0 186832 331812 79386 74705 66 31  0  2  0
40  5      0 153500     20 12716784    0    0 179008 338308 76127 72332 68 30  0  2  0
39  8      0 151676     20 12718440    0    0 174112 339915 77060 69253 68 30  0  2  0
41 10      0 157332     20 12711108    0    0 175168 353467 75277 70023 67 29  1  3  0
33 15      0 154980     20 12715028    0    0 206576 331976 82604 79737 68 31  0  1  0
18 12      0 152272     20 12717856    0    0 174224 311853 76835 73635 70 29  0  1  0
46  9      0 157060     20 12711784    0    0 187824 371328 79300 74881 66 31  1  3  0
34  5      0 155296     20 12714560    0    0 185008 313127 78440 73806 68 29  0  2  0
procs -----------memory---------- ---swap-- -----io---- -system-- ------cpu-----
 r  b   swpd   free   buff  cache   si   so    bi    bo   in   cs us sy id wa st
26  4      0 153472     20 12716496    0    0 166144 334635 73548 67737 67 29  1  3  0
36  5      0 150528     20 12718776    0    0 170416 274298 78425 71944 68 31  0  1  0
33 11      0 155576     20 12713036    0    0 187440 388937 82991 78604 68 29  0  3  0
26  5      0 154536     20 12715200    0    0 175920 317729 73637 72079 69 29  0  2  0
51  4      0 152272     20 12717096    0    0 152864 315992 76199 69673 66 31  0  2  0
13  2      0 150696     20 12718844    0    0 170592 341233 74208 68071 67 30  1  3  0
44  5      0 156776     20 12711880    0    0 166192 332460 74209 70425 67 31  1  2  0
44  3      0 153740     20 12715280    0    0 197280 357639 83021 79667 67 31  0  2  0
40  2      0 150880     20 12718168    0    0 162960 305054 77028 72510 69 29  0  2  0
39  6      0 156732     20 12711436    0    0 167360 320646 76236 70745 67 31  1  2  0
43  8      0 155580     20 12713484    0    0 161200 280501 76071 68804 68 30  0  1  0
40 11      0 153308     20 12716416    0    0 185520 309838 80687 74029 68 30  0  1  0
42 10      0 157572     20 12709988    0    0 184540 385793 78462 74506 66 31  0  3  0
16 17      0 156332     20 12712568    0    0 180368 344167 75341 70718 68 29  1  3  0
50  6      0 155648     20 12714000    0    0 176176 322623 75599 70165 67 30  1  3  0
28  5      0 153172     20 12716008    0    0 165744 288335 76444 69626 68 29  0  2  0
42  7      0 150536     20 12719108    0    0 178304 303086 81957 75303 69 30  0  2  0
30  9      0 156364     20 12712840    0    0 189856 356704 78548 74855 67 31  0  2  0
39  8      0 153940     20 12716416    0    0 184816 312073 82907 77003 68 30  0  2  0
45  5      0 151540     20 12719184    0    0 156352 271567 77758 71753 68 30  0  2  0
27  4      0 149448     20 12720276    0    0 156272 413685 146845 64597 63 34  0  3  0
procs -----------memory---------- ---swap-- -----io---- -system-- ------cpu-----
 r  b   swpd   free   buff  cache   si   so    bi    bo   in   cs us sy id wa st
24  3      0 155368     20 12713560    0    0 167840 322531 78145 70364 66 31  0  3  0
49  7      0 152748     20 12716260    0    0 172144 360059 76962 74049 68 30  0  2  0
35  1      0 150196     20 12719376    0    0 182656 302266 78453 75364 68 31  0  1  0
39  8      0 155996     20 12712556    0    0 175888 297618 74222 72784 68 31  0  2  0
41  2      0 155376     20 12714004    0    0 158592 311641 69717 66020 69 30  0  2  0
32  9      0 153420     20 12716036    0    0 189056 335693 78135 72191 67 31  0  2  0
27 15      0 151284     20 12718632    0    0 186000 331077 79835 74690 68 30  0  2  0
30  9      0 156048     20 12712252    0    0 192112 362942 80478 75975 67 31  0  2  0
42  9      0 154000     20 12715108    0    0 189328 298581 81242 76167 69 30  0  1  0
45  5      0 152980     20 12716740    0    0 152880 391990 72006 66765 67 30  1  3  0
23 11      0 150124     20 12719460    0    0 184208 255092 77030 71644 66 31  1  2  0
29 17      0 155400     20 12713528    0    0 172160 339437 76890 73517 67 30  1  3  0
21 16      0 154084     20 12716068    0    0 182832 341452 73468 73592 68 29  1  3  0
45 11      0 151232     20 12719036    0    0 166224 332535 74134 72588 68 30  0  2  0
32  5      0 157184     20 12711872    0    0 155408 331055 75180 68322 69 29  0  2  0
35  9      0 154284     20 12714488    0    0 192160 347375 82115 75482 68 30  0  2  0
26  1      0 152584     20 12717296    0    0 179520 359888 77771 73722 67 30  1  3  0
34  8      0 156956     20 12711620    0    0 170736 298859 77768 74849 69 29  0  2  0
27 17      0 155040     20 12715248    0    0 178528 355761 76843 75404 67 30  0  3  0
40  7      0 151788     20 12717768    0    0 177072 289893 74942 73622 67 30  1  2  0
38  7      0 157632     20 12710728    0    0 161936 297852 72358 69677 69 30  0  2  0
procs -----------memory---------- ---swap-- -----io---- -system-- ------cpu-----
 r  b   swpd   free   buff  cache   si   so    bi    bo   in   cs us sy id wa st
36  6      0 155268     20 12713284    0    0 172368 356151 76547 72990 68 29  0  3  0
49  6      0 153856     20 12716088    0    0 179360 344278 79304 75501 68 30  0  2  0
39  9      0 150980     20 12718060    0    0 171280 370030 71835 70810 68 29  1  3  0
34  7      0 157692     20 12710996    0    0 157872 319763 72100 67287 69 28  0  3  0
41  6      0 156408     20 12713252    0    0 171568 299958 75230 71447 69 29  0  2  0
23 12      0 153816     20 12716456    0    0 184928 374239 78608 76244 69 29  0  2  0
30 14      0 150880     20 12719176    0    0 195264 361983 76878 75869 68 29  1  3  0
33  9      0 155024     20 12712832    0    0 177232 324761 75480 73612 68 30  0  2  0
34  7      0 154456     20 12714840    0    0 169840 356556 70836 69221 67 29  1  3  0
33 12      0 152540     20 12716988    0    0 164976 398015 149863 67563 63 34  0  2  0
30 12      0 157404     20 12710484    0    0 178928 331350 77130 72327 68 31  0  1  0
55  6      0 156072     20 12713500    0    0 188368 269710 80377 73282 67 30  1  3  0
11  9      0 153672     20 12716004    0    0 182480 306493 80238 72863 66 32  0  2  0
40  5      0 153756     20 12717280    0    0 168080 312053 76493 69483 68 30  0  2  0
17  5      0 150860     20 12719948    0    0 166320 314342 76352 71697 68 29  1  3  0
41  7      0 156172     20 12713148    0    0 173040 304777 80308 73890 67 31  0  3  0
43  5      0 154368     20 12715540    0    0 180880 330087 78541 72813 69 29  0  2  0
20 16      0 153264     20 12717752    0    0 189344 304430 78193 75378 69 30  0  1  0
46  9      0 151008     20 12719384    0    0 168096 340627 74177 69437 67 30  1  3  0
40  9      0 156764     20 12713152    0    0 189088 320590 81024 75889 68 31  0  2  0
25 13      0 154348     20 12715780    0    0 188128 407453 80072 73877 65 31  1  4  0
procs -----------memory---------- ---swap-- -----io---- -system-- ------cpu-----
 r  b   swpd   free   buff  cache   si   so    bi    bo   in   cs us sy id wa st
36 11      0 153420     20 12717796    0    0 179536 334843 77247 73510 68 29  1  2  0
41  9      0 150492     20 12720088    0    0 179712 296892 75976 72037 69 30  0  2  0
45  8      0 156820     20 12712812    0    0 152112 282938 72773 66480 68 30  1  2  0
27  6      0 154736     20 12715268    0    0 171728 311690 76104 70888 68 30  0  2  0
25  2      0 151876     20 12718472    0    0 180352 358741 81883 73438 68 29  1  3  0
 0  1      0 162888     20 12711440    0    0 165152 377229 75663 71909 62 29  5  5  0
 0  1      0 163092     20 12711720    0    0     0 190272 3459 2846  1  1 95  3  0
 0  1      0 163092     20 12711720    0    0     0 175876 3277 2462  2  1 95  3  0
 0  1      0 163092     20 12711720    0    0     0 320004 6340 4094  2  2 91  5  0
 0  1      0 163016     20 12711720    0    0     0 320004 6187 3742  3  2 90  5  0
 1  0      0 165448     20 12712020    0    0   300 320004 5654 3765  3  2 90  5  0
