procs -----------memory---------- ---swap-- -----io---- -system-- ------cpu-----
 r  b   swpd   free   buff  cache   si   so    bi    bo   in   cs us sy id wa st
 2  0   3328 641320   1080 6691456    0    0     0     1    0    0  0  0 100  0  0
 3  0   3328 511228   1080 6691628    0    0     0    43 13059 13367 34 21 45  0  0
 2  0   3328 371468   1080 6691628    0    0     0     0 12223 14406 33 22 45  0  0
 3  0   3328 407448   1080 6691628    0    0     0     0 12858 14081 30 22 48  0  0
 1  0   3328 608488   1080 6691636    0    0     0     0 11776 12168 30 15 55  0  0
 5  0   3328 579856   1080 6691636    0    0     0     0 12953 14651 31 22 46  0  0
 2  0   3328 593904   1080 6691636    0    0     0     0 12783 13748 30 23 47  0  0
 3  0   3328 557232   1080 6691632    0    0     0     4 10382 11429 30 15 55  0  0
 4  0   3328 565960   1080 6691636    0    0     0     0 12662 13962 30 23 47  0  0
 3  0   3328 467928   1080 6691636    0    0     0     0 13334 15361 32 23 45  0  0
 5  0   3328 434724   1080 6691632    0    0     0     0 10876 11624 27 16 57  0  0
 1  0   3328 607692   1080 6691660    0    0     0     0 12991 13734 31 23 45  0  0
 4  0   3328 475560   1080 6691660    0    0     0    48 12300 13339 30 23 47  0  0
 1  0   3328 608604   1080 6691656    0    0     0     0 9935 9804 26  9 64  0  0
 3  0   3328 531992   1080 6691680    0    0     0     0 12425 14920 31 23 46  0  0
 2  0   3328 516440   1080 6691696    0    0     0    27 13310 14519 30 23 47  0  0
 2  0   3328 408968   1080 6691696    0    0     0     0 13056 13418 31 19 50  0  0
 2  0   3328 385636   1080 6691700    0    0     0   264 10270 9875 30 13 57  0  0
 1  0   3328 632536   1080 6691700    0    0     0     0 12084 14047 30 23 48  0  0
 4  0   3328 564812   1080 6691700    0    0     0     0 13541 14894 32 23 45  0  0
 7  0   3328 521532   1080 6691696    0    0     0     0 10492 10515 27  9 64  0  0
procs -----------memory---------- ---swap-- -----io---- -system-- ------cpu-----
 r  b   swpd   free   buff  cache   si   so    bi    bo   in   cs us sy id wa st
 5  0   3328 389896   1080 6691724    0    0     0     0 11617 12622 31 20 49  0  0
 5  0   3328 459104   1080 6691724    0    0     0   316 12101 13504 30 23 48  0  0
 2  0   3328 631252   1080 6691724    0    0     0     0 13145 13863 32 23 45  0  0
 4  0   3328 597436   1080 6691720    0    0     0     0 9431 9362 26 10 65  0  0
 2  0   3328 595716   1080 6691720    0    0     0   218 9757 10232 27 12 62  0  0
 3  0   3328 510364   1080 6691720    0    0     0     0 10542 11925 29 13 58  0  0
 1  0   3328 479496   1080 6691744    0    0     0     0 15245 14947 24  7 70  0  0
 0  0   3328 397928   1080 6691760    0    0     0     0 13928 14654 23  7 70  0  0
 1  0   3328 398856   1080 6691760    0    0     0     0 13892 14562 21  7 72  0  0
 0  0   3328 619320   1080 6691760    0    0     0     0 13545 14194 23  7 69  0  0
 1  0   3328 582712   1080 6691760    0    0     0     0 14626 15446 26  7 68  0  0
 1  0   3328 580752   1080 6691784    0    0     0     0 14460 14290 23  7 70  0  0
 1  0   3328 422328   1080 6691784    0    0     0     0 13821 15532 26  8 66  0  0
 3  0   3328 495264   1080 6691784    0    0     0     0 14753 14474 20  7 74  0  0
 1  0   3328 395804   1080 6691784    0    0     0     0 14199 15119 24  7 69  0  0
 3  0   3328 495268   1080 6691784    0    0     0     0 13539 13914 20  8 72  0  0
 1  0   3328 440112   1080 6691784    0    0     0     0 14401 15380 24  6 70  0  0
 1  0   3328 619680   1080 6691788    0    0     0     0 13212 13351 23  6 71  0  0
 3  0   3328 593236   1080 6691788    0    0     0     0 14047 13993 22  7 71  0  0
10  0   3328 489556   1080 6691824    0    0     0     0 15531 15022 26  8 66  0  0
 7  0   3328 572956   1080 6691848    0    0     0     0 13331 13269 21  7 72  0  0
procs -----------memory---------- ---swap-- -----io---- -system-- ------cpu-----
 r  b   swpd   free   buff  cache   si   so    bi    bo   in   cs us sy id wa st
 1  0   3328 577580   1080 6691864    0    0     0   303 13502 14315 23  7 69  0  0
 2  0   3328 576280   1080 6691884    0    0     0     0 13234 13397 22  7 71  0  0
 1  0   3328 459668   1080 6691908    0    0     0     0 14796 15557 25  7 68  0  0
 4  0   3328 492188   1080 6691908    0    0     0     0 13911 14085 21  6 73  0  0
 0  0   3328 619168   1080 6691908    0    0     0     0 14368 14424 25  8 68  0  0
 1  0   3328 582300   1080 6691912    0    0     0     0 13747 14523 24  7 69  0  0
 1  0   3328 582416   1080 6691912    0    0     0     0 13365 14681 21  6 72  0  0
 3  0   3328 437188   1080 6691912    0    0     0     0 15201 15545 25  7 68  0  0
 4  0   3328 578408   1080 6691912    0    0     0     0 12138 13489 17  6 77  0  0
 1  0   3328 577276   1080 6691912    0    0     0     0 13100 14364 23  7 70  0  0
 1  0   3328 579764   1080 6691912    0    0     0     0 12869 13979 21  7 72  0  0
 1  0   3328 415828   1080 6691952    0    0     0     0 14830 14836 26  7 67  0  0
 1  0   3328 596384   1080 6691952    0    0     0     0 13908 13965 23  6 71  0  0
 0  0   3328 619104   1080 6691964    0    0     0   256 14809 14701 22  6 72  0  0
 1  0   3328 443684   1080 6691964    0    0     0     0 14333 14999 21  6 72  0  0
 0  0   3328 619496   1080 6691964    0    0     0     0 13571 14357 25  7 67  0  0
 1  0   3328 618964   1080 6691964    0    0     0     0 12916 13724 23  7 71  0  0
 1  0   3328 591156   1080 6691968    0    0     0     4 13588 13697 25  7 69  0  0
 0  0   3328 596944   1080 6691976    0    0     0     0 12298 12455 16  5 80  0  0
 0  0   3328 596208   1080 6691976    0    0     0     0 7594 7656  3  3 93  0  0
 0  0   3328 598356   1080 6691992    0    0     0    16 7371 8208  1  2 97  0  0
procs -----------memory---------- ---swap-- -----io---- -system-- ------cpu-----
 r  b   swpd   free   buff  cache   si   so    bi    bo   in   cs us sy id wa st
 1  0   3328 598580   1080 6691992    0    0     0     0 6566 7214  1  2 98  0  0
 0  0   3328 598296   1080 6692016    0    0     0     0 7146 7961  1  2 98  0  0
