procs -----------memory---------- ---swap-- -----io---- -system-- ------cpu-----
 r  b   swpd   free   buff  cache   si   so    bi    bo   in   cs us sy id wa st
52  5      0 165452     20 12519644    0    0 12928 25638  155   71 19  8 69  4  0
52  9      0 156024     20 12531296    0    0 250452 210348 74021 69785 67 29  0  5  0
21  7      0 163764     20 12521348    0    0 241648 119602 73152 70072 69 29  0  1  0
60 19      0 152396     20 12532312    0    0 221440 158775 71634 68416 68 29  0  3  0
72  3      0 162472     20 12520816    0    0 193736 268779 70069 68427 68 30  1  2  0
62 17      0 150844     20 12531952    0    0 214928 259151 76957 72489 69 30  0  1  0
92  9      0 157596     20 12525624    0    0 221572 268792 83660 76484 67 31  0  1  0
38  8      0 167620     20 12516344    0    0 228824 346906 81658 77332 65 32  0  3  0
90 10      0 155392     20 12527652    0    0 262008 239675 81047 76526 67 30  1  3  0
88 11      0 165116     20 12517476    0    0 202624 222450 78143 70139 69 31  0  0  0
 6 14      0 154280     20 12528536    0    0 193932 289161 76302 70044 66 31  0  4  0
46 19      0 164932     20 12518320    0    0 215744 249387 78284 71709 67 30  0  2  0
72  9      0 153532     20 12529596    0    0 234784 349587 76460 76074 66 30  1  3  0
87  7      0 163828     20 12519276    0    0 221920 243859 78408 74623 69 30  0  0  0
69 12      0 152488     20 12530136    0    0 185120 333306 75943 68634 67 29  0  4  0
81 11      0 162216     20 12519568    0    0 196480 223620 76783 71186 68 31  0  1  0
97  9      0 151860     20 12530676    0    0 203856 269484 75773 72713 67 31  0  2  0
91 15      0 162224     20 12520368    0    0 203056 267620 80630 75145 68 31  0  1  0
47  3      0 151360     20 12531296    0    0 219248 382825 79798 77051 66 31  0  3  0
89 11      0 160516     20 12521548    0    0 200112 323048 77573 73599 68 29  0  3  0
117  3      0 169752     20 12512028    0    0 204624 242054 78434 73455 70 30  0  1  0
procs -----------memory---------- ---swap-- -----io---- -system-- ------cpu-----
 r  b   swpd   free   buff  cache   si   so    bi    bo   in   cs us sy id wa st
89 15      0 160112     20 12522556    0    0 211552 266392 74628 71567 69 29  0  1  0
78  7      0 169540     20 12513092    0    0 197264 357667 78896 73867 67 29  1  4  0
94  5      0 158464     20 12523340    0    0 194480 291558 76237 71697 68 30  0  2  0
68  8      0 167824     20 12512448    0    0 187680 266741 75381 67083 68 29  0  3  0
28 10      0 158380     20 12523620    0    0 196976 349643 81433 71601 67 29  1  4  0
73  8      0 167008     20 12513892    0    0 204352 244435 82100 73737 68 31  0  1  0
47 10      0 156052     20 12525772    0    0 190800 302727 78548 75027 69 28  0  3  0
17 14      0 165028     20 12516376    0    0 190944 237073 77131 71907 70 29  0  1  0
94  7      0 154164     20 12526896    0    0 190016 321884 77524 70606 67 29  0  4  0
41  9      0 165164     20 12516540    0    0 176704 289047 99420 69120 69 30  0  1  0
89  9      0 153928     20 12526588    0    0 167136 438208 127803 66666 63 30  1  6  0
78 12      0 164432     20 12516880    0    0 189776 303476 80487 72062 68 30  0  3  0
83 16      0 152580     20 12527888    0    0 183856 223674 77008 69894 71 29  0  0  0
96  8      0 163224     20 12517520    0    0 171504 211786 74760 66310 68 31  1  1  0
107  4      0 152612     20 12527740    0    0 172256 229567 74884 66445 71 29  0  1  0
95  6      0 162480     20 12518272    0    0 194384 260339 83634 74584 70 29  0  1  0
49  4      0 150828     20 12530276    0    0 183600 270566 81171 73573 70 29  0  1  0
104 10      0 160212     20 12520968    0    0 177488 283835 78796 71799 69 28  0  3  0
24  5      0 169756     20 12510780    0    0 159216 394369 74576 69711 68 28  0  4  0
85 10      0 158756     20 12521904    0    0 180992 258240 78434 73739 71 28  0  2  0
64  7      0 167780     20 12512876    0    0 184352 302750 78913 75918 69 28  1  2  0
procs -----------memory---------- ---swap-- -----io---- -system-- ------cpu-----
 r  b   swpd   free   buff  cache   si   so    bi    bo   in   cs us sy id wa st
52  8      0 155540     20 12524256    0    0 178128 347564 78007 73831 69 29  0  3  0
100 12      0 164960     20 12514936    0    0 185248 239862 78604 72656 71 29  0  0  0
75 20      0 154472     20 12525804    0    0 180656 251191 77344 70773 71 29  0  0  0
57 11      0 163888     20 12516660    0    0 187376 266440 79747 73755 69 30  0  1  0
86  7      0 152172     20 12528100    0    0 185056 257050 80642 75637 70 30  0  1  0
82 10      0 161440     20 12518892    0    0 189792 257753 78482 74164 70 30  0  1  0
93  8      0 150508     20 12530220    0    0 176752 271664 77811 73582 69 30  0  1  0
82  8      0 160420     20 12520040    0    0 185856 274396 77659 71545 67 30  1  3  0
64  6      0 169368     20 12509680    0    0 176272 387700 77089 71023 66 29  0  5  0
45 16      0 159392     20 12520940    0    0 179584 397925 77586 73248 66 30  0  4  0
75  9      0 166980     20 12511952    0    0 179904 350256 76963 74988 67 29  0  4  0
91 11      0 156364     20 12523704    0    0 183008 346590 75357 73244 67 31  0  3  0
79  9      0 165440     20 12513664    0    0 174352 310883 75811 72381 67 31  1  3  0
95 10      0 154160     20 12525360    0    0 184240 255974 80783 73311 68 31  0  1  0
34  5      0 161992     20 12516112    0    0 192704 289689 81536 76978 68 30  0  2  0
53 10      0 150372     20 12528192    0    0 188048 268144 79766 75015 69 29  0  2  0
62 27      0 160064     20 12519068    0    0 193600 269875 80887 74860 70 29  0  1  0
93 10      0 168356     20 12509288    0    0 178416 230471 77929 72192 70 29  1  1  0
94  6      0 156984     20 12520740    0    0 169824 236016 77304 70587 71 29  0  0  0
92  6      0 164040     20 12512432    0    0 178408 297152 80972 76422 69 30  0  1  0
89  3      0 153564     20 12523300    0    0 173088 383220 138687 69710 66 33  0  1  0
procs -----------memory---------- ---swap-- -----io---- -system-- ------cpu-----
 r  b   swpd   free   buff  cache   si   so    bi    bo   in   cs us sy id wa st
79  9      0 165428     20 12513036    0    0 171536 345198 93806 72136 65 32  1  3  0
15 11      0 155248     20 12524256    0    0 178352 270820 77070 72499 68 31  0  2  0
53  7      0 164000     20 12515144    0    0 186784 321896 77948 75141 66 31  0  3  0
56 10      0 151744     20 12527072    0    0 180112 287453 79007 78236 69 30  0  1  0
90 10      0 160204     20 12517872    0    0 201520 271194 80438 78844 69 31  0  0  0
57  7      0 168372     20 12509164    0    0 182832 272529 77127 75175 69 30  0  1  0
38 14      0 159580     20 12519800    0    0 165792 467454 73202 70790 66 29  1  5  0
39 12      0 166884     20 12510452    0    0 172848 338458 75009 70276 66 29  1  5  0
73  8      0 155664     20 12522104    0    0 184272 285449 79913 76255 67 31  0  2  0
66 20      0 164544     20 12513128    0    0 177904 288219 76624 75624 69 28  1  3  0
65 14      0 153188     20 12524708    0    0 183408 245075 74676 72472 70 29  0  2  0
42 14      0 163252     20 12514740    0    0 169440 391196 72579 69994 66 29  1  5  0
19  7      0 151360     20 12526744    0    0 188384 307252 79840 74291 68 30  0  3  0
23  4      0 160408     20 12517012    0    0 194736 272547 78753 74333 70 29  0  1  0
54 10      0 168760     20 12507936    0    0 195744 338717 76532 76375 66 30  1  4  0
101  5      0 156680     20 12519972    0    0 183856 308005 75335 75108 68 30  0  2  0
55  8      0 167668     20 12509372    0    0 172752 335820 71397 69423 67 29  1  4  0
47 17      0 156804     20 12520780    0    0 183120 345149 74718 73088 66 30  0  4  0
52  8      0 166184     20 12511024    0    0 187056 352481 75700 74946 66 29  0  5  0
52 16      0 152760     20 12523048    0    0 204672 308445 82215 78065 68 30  0  2  0
82  0      0 162752     20 12513784    0    0 187504 243904 78405 72612 69 29  0  1  0
procs -----------memory---------- ---swap-- -----io---- -system-- ------cpu-----
 r  b   swpd   free   buff  cache   si   so    bi    bo   in   cs us sy id wa st
54  7      0 151412     20 12525016    0    0 173392 312544 76041 70045 68 28  0  3  0
100  9      0 160200     20 12516560    0    0 176240 289891 78473 73257 67 29  0  4  0
53  9      0 167952     20 12507260    0    0 199440 291472 82335 77699 68 31  0  1  0
34 16      0 157564     20 12519304    0    0 179584 276540 77340 75570 69 30  0  1  0
43 11      0 165372     20 12510820    0    0 166848 324219 75184 74100 67 28  1  5  0
75 13      0 154428     20 12521676    0    0 189168 248178 80519 74915 68 31  0  0  0
26 14      0 164772     20 12511968    0    0 169728 315217 75468 72183 66 31  0  3  0
43  6      0 152956     20 12523412    0    0 188944 275442 78261 73908 67 31  0  1  0
39  9      0 162564     20 12513392    0    0 178432 390002 75281 71890 67 29  0  4  0
57 21      0 151284     20 12524744    0    0 163760 309059 74268 69141 68 30  0  3  0
87  5      0 162156     20 12513944    0    0 159904 343194 132242 62826 64 33  1  2  0
105  7      0 151280     20 12524372    0    0 159856 287302 92750 67960 67 31  1  1  0
70 11      0 161484     20 12514884    0    0 174480 283214 76648 71807 67 31  0  2  0
41  6      0 169464     20 12506124    0    0 182720 299461 78894 74514 67 31  0  2  0
79 16      0 158788     20 12517348    0    0 173088 346411 72277 71740 67 29  0  4  0
37  9      0 168168     20 12507340    0    0 154128 363247 68278 67423 68 27  1  4  0
44  9      0 157328     20 12518752    0    0 185696 272566 78439 72834 67 31  0  2  0
74 13      0 166128     20 12509956    0    0 191440 346374 78669 76041 66 30  0  4  0
44  3      0 155796     20 12520548    0    0 178080 338423 74805 71189 69 28  0  3  0
76  7      0 165024     20 12511324    0    0 176064 274950 76436 70910 68 29  0  3  0
40 19      0 154216     20 12521960    0    0 172528 365588 72644 67915 66 30  1  4  0
procs -----------memory---------- ---swap-- -----io---- -system-- ------cpu-----
 r  b   swpd   free   buff  cache   si   so    bi    bo   in   cs us sy id wa st
98  6      0 163560     20 12512012    0    0 186176 197148 75891 70537 70 30  0  0  0
71  1      0 151812     20 12523788    0    0 182512 235169 79354 73151 70 30  0  0  0
106  6      0 161196     20 12514240    0    0 189824 302795 78894 75592 67 30  0  3  0
73 10      0 150152     20 12525680    0    0 180896 225262 78137 72485 69 31  0  1  0
67 15      0 160736     20 12515700    0    0 182832 328770 73990 70329 67 30  0  3  0
97  3      0 150372     20 12526348    0    0 178304 329400 78085 72335 67 30  1  3  0
25  7      0 159284     20 12516524    0    0 178016 292301 74220 69761 68 29  0  3  0
58  4      0 168796     20 12506684    0    0 172720 268860 76477 68916 69 30  0  1  0
77 11      0 158876     20 12517036    0    0 172192 212865 77247 69990 72 28  0  0  0
90  8      0 168760     20 12506532    0    0 167152 301866 72133 67198 66 30  0  4  0
32 12      0 159188     20 12516752    0    0 180448 271043 76697 69726 67 30  0  2  0
75 13      0 167728     20 12507592    0    0 171344 338843 77606 72155 66 30  1  3  0
92 14      0 155964     20 12518956    0    0 192272 281341 80695 74906 68 31  0  2  0
15 13      0 166248     20 12509724    0    0 184928 246905 79489 72952 69 31  0  1  0
54  5      0 154996     20 12520460    0    0 183424 309109 76230 71087 67 30  0  3  0
65  7      0 164660     20 12510588    0    0 172352 288150 77919 73602 66 31  0  3  0
89 12      0 153516     20 12522364    0    0 187984 297971 81031 74383 68 30  0  2  0
100 10      0 162200     20 12513248    0    0 186640 257660 79164 74730 69 30  0  2  0
76 16      0 149872     20 12524384    0    0 171876 293676 74336 71117 69 29  0  1  0
63  8      0 161164     20 12514280    0    0 177328 233723 76086 70249 71 29  0  0  0
101  7      0 149856     20 12525768    0    0 178288 253189 76372 71537 68 30  0  2  0
procs -----------memory---------- ---swap-- -----io---- -system-- ------cpu-----
 r  b   swpd   free   buff  cache   si   so    bi    bo   in   cs us sy id wa st
44 12      0 159484     20 12515476    0    0 170656 338275 140232 69337 66 33  0  1  0
49  6      0 168560     20 12506088    0    0 182064 383932 92160 71895 65 31  0  4  0
104  5      0 158356     20 12517064    0    0 184016 257982 76956 73750 68 30  1  1  0
62  9      0 167764     20 12506528    0    0 168864 239910 73235 67443 70 31  0  0  0
77 14      0 157848     20 12517196    0    0 169392 241715 77311 70248 70 30  0  0  0
31 14      0 169236     20 12506476    0    0 170800 374254 72039 70053 61 29  5  6  0
95  8      0 157304     20 12517320    0    0 185136 306631 78500 73613 68 30  0  2  0
25 12      0 167624     20 12508044    0    0 172912 256995 75990 70331 68 31  0  1  0
45  7      0 157348     20 12518200    0    0 170064 276393 73786 67826 67 30  1  3  0
89 11      0 166732     20 12508468    0    0 176400 279962 78951 70742 68 30  0  2  0
86  7      0 155516     20 12519344    0    0 178144 245479 77674 72786 68 31  0  1  0
74  5      0 164940     20 12510340    0    0 165696 249342 77377 71585 68 30  0  2  0
94  7      0 153876     20 12521068    0    0 177744 228642 79586 73050 69 31  0  0  0
96  7      0 165004     20 12510712    0    0 171504 315871 76159 70976 66 31  1  3  0
88  9      0 153240     20 12521740    0    0 172336 255577 77781 71604 68 31  0  1  0
81  8      0 163156     20 12512536    0    0 168272 332127 77734 73356 67 30  0  3  0
74 10      0 152612     20 12523428    0    0 186944 249742 77678 72266 69 30  0  1  0
59  4      0 162600     20 12513224    0    0 159632 301481 76342 67757 67 30  0  3  0
108  7      0 151784     20 12523248    0    0 149872 365387 74911 65229 67 30  0  3  0
89  8      0 161988     20 12512952    0    0 182928 221457 79517 70123 69 30  0  1  0
94 10      0 151308     20 12523884    0    0 192544 255752 80566 72595 68 32  0  0  0
procs -----------memory---------- ---swap-- -----io---- -system-- ------cpu-----
 r  b   swpd   free   buff  cache   si   so    bi    bo   in   cs us sy id wa st
28 16      0 161336     20 12514612    0    0 172096 269846 80630 74892 68 31  0  2  0
78  7      0 149900     20 12525908    0    0 166192 320577 78604 73143 67 30  0  3  0
44 11      0 160172     20 12515932    0    0 178144 366623 72828 69897 68 27  1  4  0
73 15      0 168868     20 12506260    0    0 175216 334929 73497 72798 67 29  0  4  0
61 10      0 157488     20 12517888    0    0 182896 287659 77661 73114 67 30  0  2  0
86 17      0 165548     20 12508732    0    0 167664 252397 77801 72268 70 29  0  1  0
41 10      0 156992     20 12518792    0    0 172528 341130 72598 68369 65 28  2  5  0
83  4      0 166720     20 12508072    0    0 159648 295415 72520 65315 66 30  0  3  0
67  5      0 156800     20 12518972    0    0 180800 236386 79509 71923 69 30  0  2  0
61 14      0 164608     20 12509816    0    0 193856 374408 80052 74128 66 30  1  4  0
44  3      0 153836     20 12521128    0    0 185248 343416 117481 73251 66 32  0  1  0
98  8      0 164004     20 12511024    0    0 165728 325785 110850 67804 65 31  1  3  0
100  3      0 153228     20 12521776    0    0 169792 302225 75548 67876 67 31  0  3  0
94  3      0 162648     20 12511888    0    0 179088 226114 78610 72378 70 30  0  0  0
25 19      0 151692     20 12523416    0    0 187312 228694 80904 73275 69 31  0  0  0
93  6      0 160244     20 12513900    0    0 181808 257622 78340 73313 68 31  0  1  0
45 15      0 150312     20 12525072    0    0 177904 246529 79472 72875 70 30  0  1  0
10 18      0 159096     20 12515768    0    0 161744 263021 74648 67385 69 29  0  2  0
84  9      0 168128     20 12505820    0    0 174208 306912 75488 70815 68 29  0  3  0
46  5      0 158632     20 12517012    0    0 178800 293318 78243 75831 70 28  1  2  0
86 12      0 166648     20 12507076    0    0 168656 271707 75797 72634 68 30  0  2  0
procs -----------memory---------- ---swap-- -----io---- -system-- ------cpu-----
 r  b   swpd   free   buff  cache   si   so    bi    bo   in   cs us sy id wa st
92  6      0 156800     20 12518968    0    0 180736 283186 76027 74658 69 29  0  2  0
90  6      0 166328     20 12508012    0    0 176256 265225 75064 69887 69 30  0  1  0
55 17      0 155004     20 12519940    0    0 177840 263820 78737 72608 70 29  0  1  0
119  2      0 165496     20 12509468    0    0 155584 355930 72347 69546 60 27  8  6  0
88 12      0 153924     20 12520384    0    0 175264 296746 78640 72970 68 31  0  2  0
42  5      0 164512     20 12510848    0    0 167152 293894 76760 70191 67 31  0  2  0
25 12      0 154060     20 12521508    0    0 177280 340381 76966 70598 69 28  0  3  0
42 21      0 163468     20 12510536    0    0 155616 305640 74147 67166 66 29  1  4  0
82 13      0 152924     20 12521792    0    0 175232 266532 78616 69338 68 30  0  1  0
40 12      0 162568     20 12511872    0    0 193952 300197 81854 76674 68 30  0  2  0
84 19      0 150528     20 12523544    0    0 177616 325669 76168 72886 67 29  1  4  0
52  4      0 160444     20 12513508    0    0 193056 252620 79605 72584 70 30  0  1  0
61 19      0 169344     20 12504720    0    0 186992 352738 78807 74481 69 28  0  3  0
55 18      0 156816     20 12516136    0    0 203680 304284 79120 75912 66 31  0  3  0
93  8      0 166904     20 12505944    0    0 185184 236296 77430 71961 70 30  0  1  0
43 14      0 154416     20 12517072    0    0 175952 251933 78237 71092 70 30  0  1  0
33 12      0 166220     20 12506896    0    0 161540 367483 73580 66221 66 30  1  4  0
95 10      0 155348     20 12517708    0    0 178000 319561 75889 70052 67 29  0  3  0
95 10      0 165368     20 12508076    0    0 172336 307558 76406 72784 67 30  0  3  0
80  7      0 153584     20 12519084    0    0 167552 236828 74772 71546 68 30  1  2  0
80 11      0 162712     20 12509824    0    0 169744 274176 76451 72136 71 27  0  2  0
procs -----------memory---------- ---swap-- -----io---- -system-- ------cpu-----
 r  b   swpd   free   buff  cache   si   so    bi    bo   in   cs us sy id wa st
87 15      0 152068     20 12520668    0    0 155600 244326 94620 64144 69 30  0  1  0
92 10      0 163120     20 12509088    0    0 145728 433790 125325 60706 65 32  0  3  0
103 11      0 152764     20 12519872    0    0 181568 279564 76889 71405 68 29  0  2  0
110  3      0 163216     20 12510056    0    0 172464 218062 77030 70852 68 32  0  1  0
90  7      0 152284     20 12520504    0    0 154176 226369 74760 66395 69 31  0  0  0
90 12      0 161940     20 12509776    0    0 175056 232505 76866 67702 71 30  0  0  0
32  4      0 152136     20 12520596    0    0 171056 225061 78478 68821 70 30  0  0  0
 6 14      0 162248     20 12511304    0    0 184608 367689 76692 74129 66 30  1  4  0
89  8      0 151320     20 12522292    0    0 182240 339548 76408 74670 67 30  0  4  0
75  3      0 160732     20 12512768    0    0 184128 294218 77761 73551 68 31  0  2  0
56 13      0 150344     20 12523660    0    0 175136 244206 76088 68634 69 30  0  1  0
51  3      0 159624     20 12513188    0    0 175376 339906 76790 70995 67 29  1  4  0
44  7      0 168456     20 12504208    0    0 187424 341096 75157 72640 67 29  0  3  0
64 11      0 158148     20 12514948    0    0 184432 234999 76860 70478 70 30  0  0  0
85  7      0 167464     20 12504584    0    0 162944 224970 74307 67925 71 29  0  0  0
53 13      0 158184     20 12515676    0    0 163248 300824 72458 67966 68 28  1  3  0
22  7      0 166940     20 12505828    0    0 176336 242254 77768 70115 69 30  0  1  0
68 14      0 155560     20 12517308    0    0 176448 376731 77714 75281 66 30  0  4  0
50  9      0 165336     20 12508232    0    0 182144 353855 76444 72922 67 29  0  3  0
88 15      0 154372     20 12518492    0    0 171904 220452 74346 69299 69 30  0  1  0
85 11      0 164004     20 12507940    0    0 160032 195922 71802 64209 71 29  0  0  0
procs -----------memory---------- ---swap-- -----io---- -system-- ------cpu-----
 r  b   swpd   free   buff  cache   si   so    bi    bo   in   cs us sy id wa st
40  6      0 154056     20 12518836    0    0 176752 326382 75666 68915 68 29  0  3  0
55  3      0 162776     20 12509348    0    0 168704 276809 76961 70939 67 29  0  3  0
28  8      0 152144     20 12520896    0    0 180976 273362 78742 73261 68 30  0  2  0
93  7      0 161524     20 12510820    0    0 175232 236787 76709 70650 70 29  0  1  0
89 13      0 150924     20 12521336    0    0 173552 241504 75454 68676 70 30  0  0  0
60  3      0 160892     20 12511876    0    0 169840 263266 78038 70287 69 30  0  1  0
80 12      0 168504     20 12502196    0    0 184736 326294 81196 75367 67 30  0  2  0
101  4      0 158256     20 12515068    0    0 173120 282612 80050 74843 68 30  0  2  0
41  8      0 166748     20 12504876    0    0 167808 304506 76937 72822 67 29  1  4  0
97 10      0 156796     20 12515304    0    0 163332 241745 76692 70411 69 29  0  2  0
92  9      0 165932     20 12505476    0    0 185888 335176 80716 73031 67 30  0  3  0
81 11      0 154700     20 12516152    0    0 176832 279349 99756 72261 70 30  0  0  0
 3  9      0 164980     20 12506548    0    0 166464 444206 133279 67523 63 34  1  3  0
72 10      0 154432     20 12517296    0    0 157952 332430 74977 69980 66 29  1  4  0
93  9      0 164476     20 12507308    0    0 178672 217413 74484 68829 70 30  0  0  0
54  9      0 153808     20 12518324    0    0 165984 299166 74480 68954 68 29  1  3  0
99 10      0 163384     20 12508808    0    0 169136 365897 76798 73046 65 32  0  4  0
81 11      0 152024     20 12520860    0    0 175008 377004 76288 73883 68 29  0  3  0
87 15      0 161108     20 12510912    0    0 178768 254135 77980 73648 68 30  0  2  0
41  5      0 169536     20 12501060    0    0 174480 320064 76276 70396 66 30  0  4  0
99 12      0 158936     20 12512264    0    0 171856 205908 78544 70604 70 30  0  1  0
procs -----------memory---------- ---swap-- -----io---- -system-- ------cpu-----
 r  b   swpd   free   buff  cache   si   so    bi    bo   in   cs us sy id wa st
61  9      0 168376     20 12503300    0    0 184224 251543 79858 73649 68 32  0  1  0
95  9      0 157484     20 12514356    0    0 189056 303407 79639 72921 66 31  0  2  0
88 14      0 166068     20 12505096    0    0 178336 303785 77538 71625 67 30  0  3  0
46  7      0 155156     20 12516244    0    0 169056 293166 76610 69309 68 29  0  3  0
88  6      0 164524     20 12506216    0    0 203024 277521 80946 74225 67 31  0  1  0
62 14      0 153252     20 12518148    0    0 178608 303926 78080 72798 67 31  0  2  0
73 10      0 162084     20 12508964    0    0 176064 334515 78400 74453 67 29  0  3  0
20  5      0 150340     20 12520028    0    0 186000 257216 76399 73251 70 29  0  1  0
83  4      0 160732     20 12510676    0    0 169520 295781 73675 70684 69 28  0  3  0
62 16      0 169288     20 12501100    0    0 174080 334368 74344 72793 67 29  0  3  0
13 14      0 159808     20 12512088    0    0 190768 264448 75468 75027 69 29  0  1  0
12  9      0 167364     20 12503128    0    0 171632 345408 74479 72779 67 29  1  4  0
87 10      0 157124     20 12513884    0    0 183936 287138 77361 71674 69 29  0  2  0
84 13      0 165388     20 12504052    0    0 152768 212572 75690 67068 70 30  0  0  0
79 15      0 152804     20 12515320    0    0 187172 246339 78109 71948 70 30  0  1  0
97  7      0 164984     20 12505952    0    0 178928 259218 79339 73834 70 30  0  0  0
18 18      0 154412     20 12517644    0    0 194464 283954 81066 75996 69 30  0  1  0
26 14      0 163976     20 12507940    0    0 181104 382322 76957 73546 66 30  0  3  0
75 10      0 154028     20 12518480    0    0 166864 276914 73223 68500 66 30  1  4  0
92 14      0 163428     20 12507624    0    0 158992 266329 73047 66863 68 30  0  2  0
107 12      0 152976     20 12518384    0    0 173392 228692 76345 68802 70 29  0  1  0
procs -----------memory---------- ---swap-- -----io---- -system-- ------cpu-----
 r  b   swpd   free   buff  cache   si   so    bi    bo   in   cs us sy id wa st
35  7      0 162544     20 12508660    0    0 177232 245733 77447 71556 69 30  0  0  0
56 14      0 152356     20 12518984    0    0 161072 507128 115557 66367 65 31  1  4  0
37 10      0 162372     20 12508848    0    0 156688 298102 72680 68017 68 29  1  3  0
104  5      0 151408     20 12520296    0    0 162960 333920 73038 68403 66 30  0  3  0
41  7      0 160316     20 12510604    0    0 175248 228711 77363 72822 69 31  0  0  0
29 12      0 150208     20 12521668    0    0 174176 437044 71207 71491 65 29  1  6  0
69  7      0 158452     20 12512308    0    0 175856 347155 74813 73724 66 30  1  3  0
90 12      0 167608     20 12501596    0    0 182624 261378 74453 70212 68 29  0  3  0
99  8      0 157668     20 12513028    0    0 179856 236577 76151 72236 69 30  1  1  0
75  9      0 166376     20 12504324    0    0 171024 277678 77429 72813 67 31  0  2  0
38 10      0 155076     20 12515592    0    0 166768 358650 73857 70412 67 30  1  3  0
34  6      0 165344     20 12505756    0    0 156080 230247 73295 67490 68 30  0  2  0
88  2      0 155284     20 12515896    0    0 172464 226831 73718 67316 68 31  0  1  0
66 10      0 164260     20 12505924    0    0 171136 355954 76852 71334 64 32  1  4  0
87  9      0 153124     20 12517704    0    0 160832 314164 73328 71499 66 30  0  4  0
48  9      0 163896     20 12508096    0    0 180768 314272 76700 73280 67 29  0  3  0
69 13      0 151060     20 12519320    0    0 169328 253383 78045 72415 68 31  0  1  0
84  7      0 161380     20 12509800    0    0 165728 324182 73311 67873 68 28  1  3  0
99 14      0 169580     20 12500048    0    0 181776 303442 76059 71837 68 29  0  3  0
49  8      0 160084     20 12510864    0    0 182688 299723 79390 72721 68 30  0  2  0
62  5      0 168428     20 12500964    0    0 158288 205243 76966 67382 69 30  0  0  0
procs -----------memory---------- ---swap-- -----io---- -system-- ------cpu-----
 r  b   swpd   free   buff  cache   si   so    bi    bo   in   cs us sy id wa st
99 10      0 158792     20 12511828    0    0 171392 235967 78858 69990 68 31  0  1  0
105  6      0 167540     20 12501520    0    0 159568 195504 76959 66827 70 30  0  0  0
98  9      0 158012     20 12512720    0    0 183568 254191 80765 71975 69 31  0  0  0
90  9      0 167556     20 12503284    0    0 183968 317213 78550 73725 68 30  0  2  0
69  8      0 155412     20 12515096    0    0 184976 363847 78691 77299 65 31  1  3  0
93  6      0 164544     20 12505908    0    0 178720 344016 76927 74094 69 29  0  2  0
14 16      0 153392     20 12516996    0    0 174512 258593 74970 71894 68 30  1  2  0
24  7      0 162180     20 12507804    0    0 176032 300916 78679 72896 68 30  0  2  0
94  8      0 149796     20 12519708    0    0 185888 248260 83670 77018 69 30  0  1  0
90  8      0 158744     20 12510824    0    0 187376 259695 80707 75661 69 31  0  1  0
92  8      0 168456     20 12501364    0    0 179312 290041 76983 72131 69 29  0  2  0
98  9      0 157996     20 12511816    0    0 171296 266474 88805 70144 68 31  0  1  0
 1  0      0 168224     20 12500572    0    0 150992 500558 92322 67225 58 29  9  5  0
56 18      0 157688     20 12511856    0    0 188176 333077 80167 72334 67 30  1  3  0
103 12      0 167556     20 12502316    0    0 178288 360291 81206 71707 66 31  0  3  0
36 14      0 156500     20 12513432    0    0 200528 309297 83789 76238 69 30  0  1  0
54 10      0 165276     20 12503504    0    0 188400 259075 78357 70393 69 30  0  1  0
30  6      0 154800     20 12515084    0    0 179536 241489 78103 70731 69 30  0  1  0
80  8      0 164568     20 12505808    0    0 174800 328125 79676 72730 66 30  0  3  0
31  6      0 152556     20 12517664    0    0 178928 273683 77675 73044 69 29  1  2  0
67 11      0 162076     20 12508444    0    0 183056 288704 75313 72070 68 30  0  3  0
procs -----------memory---------- ---swap-- -----io---- -system-- ------cpu-----
 r  b   swpd   free   buff  cache   si   so    bi    bo   in   cs us sy id wa st
95  6      0 150636     20 12518712    0    0 184272 229544 75385 69962 70 30  0  0  0
101  5      0 160912     20 12509252    0    0 178528 250989 78829 72222 68 31  0  2  0
69 11      0 168524     20 12500020    0    0 184896 250853 79836 75226 67 31  0  1  0
53 13      0 157812     20 12512108    0    0 197920 354035 81633 78319 67 31  0  3  0
56  6      0 167364     20 12502752    0    0 178144 260184 75678 74058 69 29  0  3  0
84 12      0 155508     20 12513300    0    0 170256 233832 74377 70276 70 30  0  0  0
 0  0      0 166556     20 12515980    0    0 26096 591727 23949 19831 18  9 64 10  0
 0  0      0 166556     20 12515980    0    0     0 178816 3279 2481  1  1 94  3  0
 0  0      0 166556     20 12515980    0    0     0 320004 5413 3758  2  2 91  5  0
 0  0      0 166556     20 12515980    0    0     0 320004 6314 4439  3  2 90  5  0
 0  0      0 168816     20 12515976    0    0     0 320004 6734 4771  3  3 90  5  0
